Results of: Amsterdam
FOREIGN_TOURIST>>Male>>(16, 30): [1705, 199, 0.85570395759125772, 0.33472450549643112]
FOREIGN_TOURIST>>Male>>(31, 45): [1266, 128, 0.83449175980707535, 0.38233139184138915]
FOREIGN_TOURIST>>Male>>(46, 200): [374, 18, 0.87610063483806366, 0.65361727129564429]
FOREIGN_TOURIST>>Male: [3779, 390, 0.84816362869994311, 0.33187392051498565]
FOREIGN_TOURIST>>Female>>(16, 30): [2858, 312, 0.85328756463296229, 0.36416008234173708]
FOREIGN_TOURIST>>Female>>(31, 45): [561, 67, 0.83392303911410115, 0.41877026805472745]
FOREIGN_TOURIST>>Female>>(46, 200): [83, 6, 0.8511493314440608, 0.78771620171422863]
FOREIGN_TOURIST>>Female: [4763, 533, 0.83955907082992742, 0.35669862239918004]
FOREIGN_TOURIST: [21047, 2171, 0.84018359991517111, 0.3218797977985034]
LOCAL_TOURIST>>Male>>(16, 30): [301, 34, 0.75202146149216487, 0.53804116495288912]
LOCAL_TOURIST>>Male>>(31, 45): [158, 21, 0.80650610140522705, 0.4877933550151432]
LOCAL_TOURIST>>Male>>(46, 200): [60, 10, 0.86160650699152852, 0.76649938820035401]
LOCAL_TOURIST>>Male: [672, 75, 0.72271134735956311, 0.45615145028202014]
LOCAL_TOURIST>>Female>>(16, 30): [423, 41, 0.75702175757950985, 0.47933015565038611]
LOCAL_TOURIST>>Female>>(31, 45): [90, 11, 0.64942580279324214, 0.64830999989854976]
LOCAL_TOURIST>>Female>>(46, 200): [14, 3, 0.88161834444462683, 0.87497252803535119]
LOCAL_TOURIST>>Female: [1139, 71, 0.73445512099341048, 0.54820446136845191]
LOCAL_TOURIST: [4866, 378, 0.64219852568987579, 0.37976133909667409]
RESIDENT>>Male>>(16, 30): [710, 60, 0.79080086572480479, 0.40050622336867192]
RESIDENT>>Male>>(31, 45): [922, 51, 0.74862798951451737, 0.40734732561213149]
RESIDENT>>Male>>(46, 200): [72, 9, 0.7702532320899621, 0.66783757078292838]
RESIDENT>>Male: [2008, 136, 0.75422043817758588, 0.39317271018871613]
RESIDENT>>Female>>(16, 30): [1877, 109, 0.76854464414541712, 0.35795083229864927]
RESIDENT>>Female>>(31, 45): [271, 25, 0.76555489791506059, 0.47643439558673978]
RESIDENT>>Female>>(46, 200): [43, 3, 0.81087301773383091, 0.78445856519913637]
RESIDENT>>Female: [2869, 191, 0.76322712539394388, 0.35867945447337474]
RESIDENT: [14968, 961, 0.76670807942676167, 0.33627214568631886]
FOREIGN_TOURIST>>(16, 30)>>Male: [1705, 199, 0.85570395759125772, 0.33472450549643112]
FOREIGN_TOURIST>>(16, 30)>>Female: [2858, 312, 0.85328756463296229, 0.36416008234173708]
FOREIGN_TOURIST>>(16, 30): [4563, 511, 0.85362671191364992, 0.33545539889949649]
FOREIGN_TOURIST>>(31, 45)>>Male: [1266, 128, 0.83449175980707535, 0.38233139184138915]
FOREIGN_TOURIST>>(31, 45)>>Female: [561, 67, 0.83392303911410115, 0.41877026805472745]
FOREIGN_TOURIST>>(31, 45): [1827, 195, 0.83151864451700996, 0.34997013333141125]
FOREIGN_TOURIST>>(46, 200)>>Male: [374, 18, 0.87610063483806366, 0.65361727129564429]
FOREIGN_TOURIST>>(46, 200)>>Female: [83, 6, 0.8511493314440608, 0.78771620171422863]
FOREIGN_TOURIST>>(46, 200): [457, 24, 0.86511475984938968, 0.60037263607717606]
FOREIGN_TOURIST: [21047, 2171, 0.84018359991517111, 0.3218797977985034]
LOCAL_TOURIST>>(16, 30)>>Male: [301, 34, 0.75202146149216487, 0.53804116495288912]
LOCAL_TOURIST>>(16, 30)>>Female: [423, 41, 0.75702175757950985, 0.47933015565038611]
LOCAL_TOURIST>>(16, 30): [724, 75, 0.73946005096925804, 0.44691918002672409]
LOCAL_TOURIST>>(31, 45)>>Male: [158, 21, 0.80650610140522705, 0.4877933550151432]
LOCAL_TOURIST>>(31, 45)>>Female: [90, 11, 0.64942580279324214, 0.64830999989854976]
LOCAL_TOURIST>>(31, 45): [248, 32, 0.74072703117693717, 0.48164897407475371]
LOCAL_TOURIST>>(46, 200)>>Male: [60, 10, 0.86160650699152852, 0.76649938820035401]
LOCAL_TOURIST>>(46, 200)>>Female: [14, 3, 0.88161834444462683, 0.87497252803535119]
LOCAL_TOURIST>>(46, 200): [74, 13, 0.86203628118204834, 0.71509826645612184]
LOCAL_TOURIST: [4866, 378, 0.64219852568987579, 0.37976133909667409]
RESIDENT>>(16, 30)>>Male: [710, 60, 0.79080086572480479, 0.40050622336867192]
RESIDENT>>(16, 30)>>Female: [1877, 109, 0.76854464414541712, 0.35795083229864927]
RESIDENT>>(16, 30): [2587, 169, 0.7721336271229613, 0.35072306718002949]
RESIDENT>>(31, 45)>>Male: [922, 51, 0.74862798951451737, 0.40734732561213149]
RESIDENT>>(31, 45)>>Female: [271, 25, 0.76555489791506059, 0.47643439558673978]
RESIDENT>>(31, 45): [1193, 76, 0.75004896377393893, 0.40469054987355318]
RESIDENT>>(46, 200)>>Male: [72, 9, 0.7702532320899621, 0.66783757078292838]
RESIDENT>>(46, 200)>>Female: [43, 3, 0.81087301773383091, 0.78445856519913637]
RESIDENT>>(46, 200): [115, 12, 0.74426512678202106, 0.61158091533533654]
RESIDENT: [14968, 961, 0.76670807942676167, 0.33627214568631886]
Male>>FOREIGN_TOURIST>>(16, 30): [1705, 199, 0.85570395759125772, 0.33472450549643112]
Male>>FOREIGN_TOURIST>>(31, 45): [1266, 128, 0.83449175980707535, 0.38233139184138915]
Male>>FOREIGN_TOURIST>>(46, 200): [374, 18, 0.87610063483806366, 0.65361727129564429]
Male>>FOREIGN_TOURIST: [3779, 390, 0.84816362869994311, 0.33187392051498565]
Male>>LOCAL_TOURIST>>(16, 30): [301, 34, 0.75202146149216487, 0.53804116495288912]
Male>>LOCAL_TOURIST>>(31, 45): [158, 21, 0.80650610140522705, 0.4877933550151432]
Male>>LOCAL_TOURIST>>(46, 200): [60, 10, 0.86160650699152852, 0.76649938820035401]
Male>>LOCAL_TOURIST: [672, 75, 0.72271134735956311, 0.45615145028202014]
Male>>RESIDENT>>(16, 30): [710, 60, 0.79080086572480479, 0.40050622336867192]
Male>>RESIDENT>>(31, 45): [922, 51, 0.74862798951451737, 0.40734732561213149]
Male>>RESIDENT>>(46, 200): [72, 9, 0.7702532320899621, 0.66783757078292838]
Male>>RESIDENT: [2008, 136, 0.75422043817758588, 0.39317271018871613]
Male: [6459, 601, 0.79681237968189278, 0.34338973090008779]
Female>>FOREIGN_TOURIST>>(16, 30): [2858, 312, 0.85328756463296229, 0.36416008234173708]
Female>>FOREIGN_TOURIST>>(31, 45): [561, 67, 0.83392303911410115, 0.41877026805472745]
Female>>FOREIGN_TOURIST>>(46, 200): [83, 6, 0.8511493314440608, 0.78771620171422863]
Female>>FOREIGN_TOURIST: [4763, 533, 0.83955907082992742, 0.35669862239918004]
Female>>LOCAL_TOURIST>>(16, 30): [423, 41, 0.75702175757950985, 0.47933015565038611]
Female>>LOCAL_TOURIST>>(31, 45): [90, 11, 0.64942580279324214, 0.64830999989854976]
Female>>LOCAL_TOURIST>>(46, 200): [14, 3, 0.88161834444462683, 0.87497252803535119]
Female>>LOCAL_TOURIST: [1139, 71, 0.73445512099341048, 0.54820446136845191]
Female>>RESIDENT>>(16, 30): [1877, 109, 0.76854464414541712, 0.35795083229864927]
Female>>RESIDENT>>(31, 45): [271, 25, 0.76555489791506059, 0.47643439558673978]
Female>>RESIDENT>>(46, 200): [43, 3, 0.81087301773383091, 0.78445856519913637]
Female>>RESIDENT: [2869, 191, 0.76322712539394388, 0.35867945447337474]
Female: [8771, 795, 0.78545092010014339, 0.36547981371822336]
Male>>(16, 30)>>FOREIGN_TOURIST: [1705, 199, 0.85570395759125772, 0.33472450549643112]
Male>>(16, 30)>>LOCAL_TOURIST: [301, 34, 0.75202146149216487, 0.53804116495288912]
Male>>(16, 30)>>RESIDENT: [710, 60, 0.79080086572480479, 0.40050622336867192]
Male>>(16, 30): [2716, 293, 0.81955749397281519, 0.33726799740228414]
Male>>(31, 45)>>FOREIGN_TOURIST: [1266, 128, 0.83449175980707535, 0.38233139184138915]
Male>>(31, 45)>>LOCAL_TOURIST: [158, 21, 0.80650610140522705, 0.4877933550151432]
Male>>(31, 45)>>RESIDENT: [922, 51, 0.74862798951451737, 0.40734732561213149]
Male>>(31, 45): [2346, 200, 0.78918903673459395, 0.36522825155888766]
Male>>(46, 200)>>FOREIGN_TOURIST: [374, 18, 0.87610063483806366, 0.65361727129564429]
Male>>(46, 200)>>LOCAL_TOURIST: [60, 10, 0.86160650699152852, 0.76649938820035401]
Male>>(46, 200)>>RESIDENT: [72, 9, 0.7702532320899621, 0.66783757078292838]
Male>>(46, 200): [506, 37, 0.8507104006803563, 0.57192811673002308]
Male: [6459, 601, 0.79681237968189278, 0.34338973090008779]
Female>>(16, 30)>>FOREIGN_TOURIST: [2858, 312, 0.85328756463296229, 0.36416008234173708]
Female>>(16, 30)>>LOCAL_TOURIST: [423, 41, 0.75702175757950985, 0.47933015565038611]
Female>>(16, 30)>>RESIDENT: [1877, 109, 0.76854464414541712, 0.35795083229864927]
Female>>(16, 30): [5158, 462, 0.80606992168705038, 0.34818485962701828]
Female>>(31, 45)>>FOREIGN_TOURIST: [561, 67, 0.83392303911410115, 0.41877026805472745]
Female>>(31, 45)>>LOCAL_TOURIST: [90, 11, 0.64942580279324214, 0.64830999989854976]
Female>>(31, 45)>>RESIDENT: [271, 25, 0.76555489791506059, 0.47643439558673978]
Female>>(31, 45): [922, 103, 0.78454807415632699, 0.39139996473041444]
Female>>(46, 200)>>FOREIGN_TOURIST: [83, 6, 0.8511493314440608, 0.78771620171422863]
Female>>(46, 200)>>LOCAL_TOURIST: [14, 3, 0.88161834444462683, 0.87497252803535119]
Female>>(46, 200)>>RESIDENT: [43, 3, 0.81087301773383091, 0.78445856519913637]
Female>>(46, 200): [140, 12, 0.80851655485135721, 0.67327869562888054]
Female: [8771, 795, 0.78545092010014339, 0.36547981371822336]
(16, 30)>>FOREIGN_TOURIST>>Male: [1705, 199, 0.85570395759125772, 0.33472450549643112]
(16, 30)>>FOREIGN_TOURIST>>Female: [2858, 312, 0.85328756463296229, 0.36416008234173708]
(16, 30)>>FOREIGN_TOURIST: [4563, 511, 0.85362671191364992, 0.33545539889949649]
(16, 30)>>LOCAL_TOURIST>>Male: [301, 34, 0.75202146149216487, 0.53804116495288912]
(16, 30)>>LOCAL_TOURIST>>Female: [423, 41, 0.75702175757950985, 0.47933015565038611]
(16, 30)>>LOCAL_TOURIST: [724, 75, 0.73946005096925804, 0.44691918002672409]
(16, 30)>>RESIDENT>>Male: [710, 60, 0.79080086572480479, 0.40050622336867192]
(16, 30)>>RESIDENT>>Female: [1877, 109, 0.76854464414541712, 0.35795083229864927]
(16, 30)>>RESIDENT: [2587, 169, 0.7721336271229613, 0.35072306718002949]
(16, 30): [7874, 755, 0.80908622275094899, 0.33200986838757091]
(31, 45)>>FOREIGN_TOURIST>>Male: [1266, 128, 0.83449175980707535, 0.38233139184138915]
(31, 45)>>FOREIGN_TOURIST>>Female: [561, 67, 0.83392303911410115, 0.41877026805472745]
(31, 45)>>FOREIGN_TOURIST: [1827, 195, 0.83151864451700996, 0.34997013333141125]
(31, 45)>>LOCAL_TOURIST>>Male: [158, 21, 0.80650610140522705, 0.4877933550151432]
(31, 45)>>LOCAL_TOURIST>>Female: [90, 11, 0.64942580279324214, 0.64830999989854976]
(31, 45)>>LOCAL_TOURIST: [248, 32, 0.74072703117693717, 0.48164897407475371]
(31, 45)>>RESIDENT>>Male: [922, 51, 0.74862798951451737, 0.40734732561213149]
(31, 45)>>RESIDENT>>Female: [271, 25, 0.76555489791506059, 0.47643439558673978]
(31, 45)>>RESIDENT: [1193, 76, 0.75004896377393893, 0.40469054987355318]
(31, 45): [3268, 303, 0.78646545252463085, 0.35097941210451766]
(46, 200)>>FOREIGN_TOURIST>>Male: [374, 18, 0.87610063483806366, 0.65361727129564429]
(46, 200)>>FOREIGN_TOURIST>>Female: [83, 6, 0.8511493314440608, 0.78771620171422863]
(46, 200)>>FOREIGN_TOURIST: [457, 24, 0.86511475984938968, 0.60037263607717606]
(46, 200)>>LOCAL_TOURIST>>Male: [60, 10, 0.86160650699152852, 0.76649938820035401]
(46, 200)>>LOCAL_TOURIST>>Female: [14, 3, 0.88161834444462683, 0.87497252803535119]
(46, 200)>>LOCAL_TOURIST: [74, 13, 0.86203628118204834, 0.71509826645612184]
(46, 200)>>RESIDENT>>Male: [72, 9, 0.7702532320899621, 0.66783757078292838]
(46, 200)>>RESIDENT>>Female: [43, 3, 0.81087301773383091, 0.78445856519913637]
(46, 200)>>RESIDENT: [115, 12, 0.74426512678202106, 0.61158091533533654]
(46, 200): [646, 49, 0.83522793228760606, 0.51970181148517236]
(16, 30)>>Male>>FOREIGN_TOURIST: [1705, 199, 0.85570395759125772, 0.33472450549643112]
(16, 30)>>Male>>LOCAL_TOURIST: [301, 34, 0.75202146149216487, 0.53804116495288912]
(16, 30)>>Male>>RESIDENT: [710, 60, 0.79080086572480479, 0.40050622336867192]
(16, 30)>>Male: [2716, 293, 0.81955749397281519, 0.33726799740228414]
(16, 30)>>Female>>FOREIGN_TOURIST: [2858, 312, 0.85328756463296229, 0.36416008234173708]
(16, 30)>>Female>>LOCAL_TOURIST: [423, 41, 0.75702175757950985, 0.47933015565038611]
(16, 30)>>Female>>RESIDENT: [1877, 109, 0.76854464414541712, 0.35795083229864927]
(16, 30)>>Female: [5158, 462, 0.80606992168705038, 0.34818485962701828]
(16, 30): [7874, 755, 0.80908622275094899, 0.33200986838757091]
(31, 45)>>Male>>FOREIGN_TOURIST: [1266, 128, 0.83449175980707535, 0.38233139184138915]
(31, 45)>>Male>>LOCAL_TOURIST: [158, 21, 0.80650610140522705, 0.4877933550151432]
(31, 45)>>Male>>RESIDENT: [922, 51, 0.74862798951451737, 0.40734732561213149]
(31, 45)>>Male: [2346, 200, 0.78918903673459395, 0.36522825155888766]
(31, 45)>>Female>>FOREIGN_TOURIST: [561, 67, 0.83392303911410115, 0.41877026805472745]
(31, 45)>>Female>>LOCAL_TOURIST: [90, 11, 0.64942580279324214, 0.64830999989854976]
(31, 45)>>Female>>RESIDENT: [271, 25, 0.76555489791506059, 0.47643439558673978]
(31, 45)>>Female: [922, 103, 0.78454807415632699, 0.39139996473041444]
(31, 45): [3268, 303, 0.78646545252463085, 0.35097941210451766]
(46, 200)>>Male>>FOREIGN_TOURIST: [374, 18, 0.87610063483806366, 0.65361727129564429]
(46, 200)>>Male>>LOCAL_TOURIST: [60, 10, 0.86160650699152852, 0.76649938820035401]
(46, 200)>>Male>>RESIDENT: [72, 9, 0.7702532320899621, 0.66783757078292838]
(46, 200)>>Male: [506, 37, 0.8507104006803563, 0.57192811673002308]
(46, 200)>>Female>>FOREIGN_TOURIST: [83, 6, 0.8511493314440608, 0.78771620171422863]
(46, 200)>>Female>>LOCAL_TOURIST: [14, 3, 0.88161834444462683, 0.87497252803535119]
(46, 200)>>Female>>RESIDENT: [43, 3, 0.81087301773383091, 0.78445856519913637]
(46, 200)>>Female: [140, 12, 0.80851655485135721, 0.67327869562888054]
(46, 200): [646, 49, 0.83522793228760606, 0.51970181148517236]
Results of: London
FOREIGN_TOURIST>>Male>>(16, 30): [3663, 329, 0.73148407546950844, 0.34041364069480723]
FOREIGN_TOURIST>>Male>>(31, 45): [2625, 216, 0.7378738169645388, 0.38665654620243084]
FOREIGN_TOURIST>>Male>>(46, 200): [396, 34, 0.82126408893969161, 0.46453520239626678]
FOREIGN_TOURIST>>Male: [7644, 668, 0.73439279413252334, 0.334652711692636]
FOREIGN_TOURIST>>Female>>(16, 30): [6891, 631, 0.7101469756468336, 0.31473091217072408]
FOREIGN_TOURIST>>Female>>(31, 45): [1382, 130, 0.73875395079046768, 0.3393035031389367]
FOREIGN_TOURIST>>Female>>(46, 200): [150, 12, 0.70522415124756921, 0.59546899690789457]
FOREIGN_TOURIST>>Female: [11903, 1061, 0.70970290388903789, 0.32255803012872236]
FOREIGN_TOURIST: [56746, 4548, 0.68174216234663476, 0.31817772795476046]
LOCAL_TOURIST>>Male>>(16, 30): [1064, 123, 0.69281201101335455, 0.414418481498944]
LOCAL_TOURIST>>Male>>(31, 45): [815, 89, 0.70797624855019681, 0.42131826872437972]
LOCAL_TOURIST>>Male>>(46, 200): [82, 10, 0.77926796489952077, 0.68392558756513633]
LOCAL_TOURIST>>Male: [2292, 250, 0.67389959775530661, 0.37320006899536717]
LOCAL_TOURIST>>Female>>(16, 30): [2324, 247, 0.68707082917621609, 0.36203107390537609]
LOCAL_TOURIST>>Female>>(31, 45): [381, 48, 0.67528526301821135, 0.51399418871399416]
LOCAL_TOURIST>>Female>>(46, 200): [40, 5, 0.74565194397235246, 0.77741680459678297]
LOCAL_TOURIST>>Female: [3747, 418, 0.66121023156209868, 0.35011736023018059]
LOCAL_TOURIST: [12877, 1394, 0.66679662766973313, 0.32467081767745043]
RESIDENT>>Male>>(16, 30): [8633, 546, 0.56397752244271426, 0.33164752880340276]
RESIDENT>>Male>>(31, 45): [5514, 357, 0.56537704410635103, 0.34067987074958539]
RESIDENT>>Male>>(46, 200): [747, 36, 0.54640502884220798, 0.45756136725643159]
RESIDENT>>Male: [17345, 1081, 0.55882409895854468, 0.32515159309582459]
RESIDENT>>Female>>(16, 30): [14451, 967, 0.57178477021483065, 0.33729828086429564]
RESIDENT>>Female>>(31, 45): [2892, 199, 0.54971812007251664, 0.38052934070015199]
RESIDENT>>Female>>(46, 200): [370, 23, 0.62680028913441654, 0.44963695004385201]
RESIDENT>>Female: [25206, 1693, 0.56156522258716524, 0.33525074514623071]
RESIDENT: [109496, 6835, 0.57243574508176964, 0.32187224844649764]
FOREIGN_TOURIST>>(16, 30)>>Male: [3663, 329, 0.73148407546950844, 0.34041364069480723]
FOREIGN_TOURIST>>(16, 30)>>Female: [6891, 631, 0.7101469756468336, 0.31473091217072408]
FOREIGN_TOURIST>>(16, 30): [10554, 960, 0.71668853763304785, 0.30918556635482292]
FOREIGN_TOURIST>>(31, 45)>>Male: [2625, 216, 0.7378738169645388, 0.38665654620243084]
FOREIGN_TOURIST>>(31, 45)>>Female: [1382, 130, 0.73875395079046768, 0.3393035031389367]
FOREIGN_TOURIST>>(31, 45): [4007, 346, 0.73632508560537147, 0.35631029410439152]
FOREIGN_TOURIST>>(46, 200)>>Male: [396, 34, 0.82126408893969161, 0.46453520239626678]
FOREIGN_TOURIST>>(46, 200)>>Female: [150, 12, 0.70522415124756921, 0.59546899690789457]
FOREIGN_TOURIST>>(46, 200): [546, 46, 0.78284813784750173, 0.42882522599657763]
FOREIGN_TOURIST: [56746, 4548, 0.68174216234663476, 0.31817772795476046]
LOCAL_TOURIST>>(16, 30)>>Male: [1064, 123, 0.69281201101335455, 0.414418481498944]
LOCAL_TOURIST>>(16, 30)>>Female: [2324, 247, 0.68707082917621609, 0.36203107390537609]
LOCAL_TOURIST>>(16, 30): [3388, 370, 0.68348248757006969, 0.36145337836476527]
LOCAL_TOURIST>>(31, 45)>>Male: [815, 89, 0.70797624855019681, 0.42131826872437972]
LOCAL_TOURIST>>(31, 45)>>Female: [381, 48, 0.67528526301821135, 0.51399418871399416]
LOCAL_TOURIST>>(31, 45): [1196, 137, 0.69152804735814444, 0.41251419213777507]
LOCAL_TOURIST>>(46, 200)>>Male: [82, 10, 0.77926796489952077, 0.68392558756513633]
LOCAL_TOURIST>>(46, 200)>>Female: [40, 5, 0.74565194397235246, 0.77741680459678297]
LOCAL_TOURIST>>(46, 200): [122, 15, 0.71285698687462484, 0.65019600306181558]
LOCAL_TOURIST: [12877, 1394, 0.66679662766973313, 0.32467081767745043]
RESIDENT>>(16, 30)>>Male: [8633, 546, 0.56397752244271426, 0.33164752880340276]
RESIDENT>>(16, 30)>>Female: [14451, 967, 0.57178477021483065, 0.33729828086429564]
RESIDENT>>(16, 30): [23084, 1513, 0.56610730371435458, 0.32880358061546433]
RESIDENT>>(31, 45)>>Male: [5514, 357, 0.56537704410635103, 0.34067987074958539]
RESIDENT>>(31, 45)>>Female: [2892, 199, 0.54971812007251664, 0.38052934070015199]
RESIDENT>>(31, 45): [8406, 556, 0.55295328153218071, 0.34308888813985516]
RESIDENT>>(46, 200)>>Male: [747, 36, 0.54640502884220798, 0.45756136725643159]
RESIDENT>>(46, 200)>>Female: [370, 23, 0.62680028913441654, 0.44963695004385201]
RESIDENT>>(46, 200): [1117, 59, 0.51844475331969686, 0.4144884195325067]
RESIDENT: [109496, 6835, 0.57243574508176964, 0.32187224844649764]
Male>>FOREIGN_TOURIST>>(16, 30): [3663, 329, 0.73148407546950844, 0.34041364069480723]
Male>>FOREIGN_TOURIST>>(31, 45): [2625, 216, 0.7378738169645388, 0.38665654620243084]
Male>>FOREIGN_TOURIST>>(46, 200): [396, 34, 0.82126408893969161, 0.46453520239626678]
Male>>FOREIGN_TOURIST: [7644, 668, 0.73439279413252334, 0.334652711692636]
Male>>LOCAL_TOURIST>>(16, 30): [1064, 123, 0.69281201101335455, 0.414418481498944]
Male>>LOCAL_TOURIST>>(31, 45): [815, 89, 0.70797624855019681, 0.42131826872437972]
Male>>LOCAL_TOURIST>>(46, 200): [82, 10, 0.77926796489952077, 0.68392558756513633]
Male>>LOCAL_TOURIST: [2292, 250, 0.67389959775530661, 0.37320006899536717]
Male>>RESIDENT>>(16, 30): [8633, 546, 0.56397752244271426, 0.33164752880340276]
Male>>RESIDENT>>(31, 45): [5514, 357, 0.56537704410635103, 0.34067987074958539]
Male>>RESIDENT>>(46, 200): [747, 36, 0.54640502884220798, 0.45756136725643159]
Male>>RESIDENT: [17345, 1081, 0.55882409895854468, 0.32515159309582459]
Male: [27281, 1999, 0.61439036631874622, 0.32589725715746154]
Female>>FOREIGN_TOURIST>>(16, 30): [6891, 631, 0.7101469756468336, 0.31473091217072408]
Female>>FOREIGN_TOURIST>>(31, 45): [1382, 130, 0.73875395079046768, 0.3393035031389367]
Female>>FOREIGN_TOURIST>>(46, 200): [150, 12, 0.70522415124756921, 0.59546899690789457]
Female>>FOREIGN_TOURIST: [11903, 1061, 0.70970290388903789, 0.32255803012872236]
Female>>LOCAL_TOURIST>>(16, 30): [2324, 247, 0.68707082917621609, 0.36203107390537609]
Female>>LOCAL_TOURIST>>(31, 45): [381, 48, 0.67528526301821135, 0.51399418871399416]
Female>>LOCAL_TOURIST>>(46, 200): [40, 5, 0.74565194397235246, 0.77741680459678297]
Female>>LOCAL_TOURIST: [3747, 418, 0.66121023156209868, 0.35011736023018059]
Female>>RESIDENT>>(16, 30): [14451, 967, 0.57178477021483065, 0.33729828086429564]
Female>>RESIDENT>>(31, 45): [2892, 199, 0.54971812007251664, 0.38052934070015199]
Female>>RESIDENT>>(46, 200): [370, 23, 0.62680028913441654, 0.44963695004385201]
Female>>RESIDENT: [25206, 1693, 0.56156522258716524, 0.33525074514623071]
Female: [40856, 3172, 0.61177676365472744, 0.32790257534038886]
Male>>(16, 30)>>FOREIGN_TOURIST: [3663, 329, 0.73148407546950844, 0.34041364069480723]
Male>>(16, 30)>>LOCAL_TOURIST: [1064, 123, 0.69281201101335455, 0.414418481498944]
Male>>(16, 30)>>RESIDENT: [8633, 546, 0.56397752244271426, 0.33164752880340276]
Male>>(16, 30): [13360, 998, 0.61632750780529189, 0.32794941695756025]
Male>>(31, 45)>>FOREIGN_TOURIST: [2625, 216, 0.7378738169645388, 0.38665654620243084]
Male>>(31, 45)>>LOCAL_TOURIST: [815, 89, 0.70797624855019681, 0.42131826872437972]
Male>>(31, 45)>>RESIDENT: [5514, 357, 0.56537704410635103, 0.34067987074958539]
Male>>(31, 45): [8954, 662, 0.62334088364060403, 0.3448625650913178]
Male>>(46, 200)>>FOREIGN_TOURIST: [396, 34, 0.82126408893969161, 0.46453520239626678]
Male>>(46, 200)>>LOCAL_TOURIST: [82, 10, 0.77926796489952077, 0.68392558756513633]
Male>>(46, 200)>>RESIDENT: [747, 36, 0.54640502884220798, 0.45756136725643159]
Male>>(46, 200): [1225, 80, 0.62102549700800402, 0.42290080867523372]
Male: [27281, 1999, 0.61439036631874622, 0.32589725715746154]
Female>>(16, 30)>>FOREIGN_TOURIST: [6891, 631, 0.7101469756468336, 0.31473091217072408]
Female>>(16, 30)>>LOCAL_TOURIST: [2324, 247, 0.68707082917621609, 0.36203107390537609]
Female>>(16, 30)>>RESIDENT: [14451, 967, 0.57178477021483065, 0.33729828086429564]
Female>>(16, 30): [23666, 1845, 0.62048759324485891, 0.3253043951828879]
Female>>(31, 45)>>FOREIGN_TOURIST: [1382, 130, 0.73875395079046768, 0.3393035031389367]
Female>>(31, 45)>>LOCAL_TOURIST: [381, 48, 0.67528526301821135, 0.51399418871399416]
Female>>(31, 45)>>RESIDENT: [2892, 199, 0.54971812007251664, 0.38052934070015199]
Female>>(31, 45): [4655, 377, 0.61072717552798328, 0.35102717490423202]
Female>>(46, 200)>>FOREIGN_TOURIST: [150, 12, 0.70522415124756921, 0.59546899690789457]
Female>>(46, 200)>>LOCAL_TOURIST: [40, 5, 0.74565194397235246, 0.77741680459678297]
Female>>(46, 200)>>RESIDENT: [370, 23, 0.62680028913441654, 0.44963695004385201]
Female>>(46, 200): [560, 40, 0.60245620314598158, 0.41666781449405149]
Female: [40856, 3172, 0.61177676365472744, 0.32790257534038886]
(16, 30)>>FOREIGN_TOURIST>>Male: [3663, 329, 0.73148407546950844, 0.34041364069480723]
(16, 30)>>FOREIGN_TOURIST>>Female: [6891, 631, 0.7101469756468336, 0.31473091217072408]
(16, 30)>>FOREIGN_TOURIST: [10554, 960, 0.71668853763304785, 0.30918556635482292]
(16, 30)>>LOCAL_TOURIST>>Male: [1064, 123, 0.69281201101335455, 0.414418481498944]
(16, 30)>>LOCAL_TOURIST>>Female: [2324, 247, 0.68707082917621609, 0.36203107390537609]
(16, 30)>>LOCAL_TOURIST: [3388, 370, 0.68348248757006969, 0.36145337836476527]
(16, 30)>>RESIDENT>>Male: [8633, 546, 0.56397752244271426, 0.33164752880340276]
(16, 30)>>RESIDENT>>Female: [14451, 967, 0.57178477021483065, 0.33729828086429564]
(16, 30)>>RESIDENT: [23084, 1513, 0.56610730371435458, 0.32880358061546433]
(16, 30): [37026, 2843, 0.61773804930178156, 0.32045304372443068]
(31, 45)>>FOREIGN_TOURIST>>Male: [2625, 216, 0.7378738169645388, 0.38665654620243084]
(31, 45)>>FOREIGN_TOURIST>>Female: [1382, 130, 0.73875395079046768, 0.3393035031389367]
(31, 45)>>FOREIGN_TOURIST: [4007, 346, 0.73632508560537147, 0.35631029410439152]
(31, 45)>>LOCAL_TOURIST>>Male: [815, 89, 0.70797624855019681, 0.42131826872437972]
(31, 45)>>LOCAL_TOURIST>>Female: [381, 48, 0.67528526301821135, 0.51399418871399416]
(31, 45)>>LOCAL_TOURIST: [1196, 137, 0.69152804735814444, 0.41251419213777507]
(31, 45)>>RESIDENT>>Male: [5514, 357, 0.56537704410635103, 0.34067987074958539]
(31, 45)>>RESIDENT>>Female: [2892, 199, 0.54971812007251664, 0.38052934070015199]
(31, 45)>>RESIDENT: [8406, 556, 0.55295328153218071, 0.34308888813985516]
(31, 45): [13609, 1039, 0.61557048907692014, 0.34043189303963955]
(46, 200)>>FOREIGN_TOURIST>>Male: [396, 34, 0.82126408893969161, 0.46453520239626678]
(46, 200)>>FOREIGN_TOURIST>>Female: [150, 12, 0.70522415124756921, 0.59546899690789457]
(46, 200)>>FOREIGN_TOURIST: [546, 46, 0.78284813784750173, 0.42882522599657763]
(46, 200)>>LOCAL_TOURIST>>Male: [82, 10, 0.77926796489952077, 0.68392558756513633]
(46, 200)>>LOCAL_TOURIST>>Female: [40, 5, 0.74565194397235246, 0.77741680459678297]
(46, 200)>>LOCAL_TOURIST: [122, 15, 0.71285698687462484, 0.65019600306181558]
(46, 200)>>RESIDENT>>Male: [747, 36, 0.54640502884220798, 0.45756136725643159]
(46, 200)>>RESIDENT>>Female: [370, 23, 0.62680028913441654, 0.44963695004385201]
(46, 200)>>RESIDENT: [1117, 59, 0.51844475331969686, 0.4144884195325067]
(46, 200): [1785, 120, 0.59356708888542165, 0.39259368985223103]
(16, 30)>>Male>>FOREIGN_TOURIST: [3663, 329, 0.73148407546950844, 0.34041364069480723]
(16, 30)>>Male>>LOCAL_TOURIST: [1064, 123, 0.69281201101335455, 0.414418481498944]
(16, 30)>>Male>>RESIDENT: [8633, 546, 0.56397752244271426, 0.33164752880340276]
(16, 30)>>Male: [13360, 998, 0.61632750780529189, 0.32794941695756025]
(16, 30)>>Female>>FOREIGN_TOURIST: [6891, 631, 0.7101469756468336, 0.31473091217072408]
(16, 30)>>Female>>LOCAL_TOURIST: [2324, 247, 0.68707082917621609, 0.36203107390537609]
(16, 30)>>Female>>RESIDENT: [14451, 967, 0.57178477021483065, 0.33729828086429564]
(16, 30)>>Female: [23666, 1845, 0.62048759324485891, 0.3253043951828879]
(16, 30): [37026, 2843, 0.61773804930178156, 0.32045304372443068]
(31, 45)>>Male>>FOREIGN_TOURIST: [2625, 216, 0.7378738169645388, 0.38665654620243084]
(31, 45)>>Male>>LOCAL_TOURIST: [815, 89, 0.70797624855019681, 0.42131826872437972]
(31, 45)>>Male>>RESIDENT: [5514, 357, 0.56537704410635103, 0.34067987074958539]
(31, 45)>>Male: [8954, 662, 0.62334088364060403, 0.3448625650913178]
(31, 45)>>Female>>FOREIGN_TOURIST: [1382, 130, 0.73875395079046768, 0.3393035031389367]
(31, 45)>>Female>>LOCAL_TOURIST: [381, 48, 0.67528526301821135, 0.51399418871399416]
(31, 45)>>Female>>RESIDENT: [2892, 199, 0.54971812007251664, 0.38052934070015199]
(31, 45)>>Female: [4655, 377, 0.61072717552798328, 0.35102717490423202]
(31, 45): [13609, 1039, 0.61557048907692014, 0.34043189303963955]
(46, 200)>>Male>>FOREIGN_TOURIST: [396, 34, 0.82126408893969161, 0.46453520239626678]
(46, 200)>>Male>>LOCAL_TOURIST: [82, 10, 0.77926796489952077, 0.68392558756513633]
(46, 200)>>Male>>RESIDENT: [747, 36, 0.54640502884220798, 0.45756136725643159]
(46, 200)>>Male: [1225, 80, 0.62102549700800402, 0.42290080867523372]
(46, 200)>>Female>>FOREIGN_TOURIST: [150, 12, 0.70522415124756921, 0.59546899690789457]
(46, 200)>>Female>>LOCAL_TOURIST: [40, 5, 0.74565194397235246, 0.77741680459678297]
(46, 200)>>Female>>RESIDENT: [370, 23, 0.62680028913441654, 0.44963695004385201]
(46, 200)>>Female: [560, 40, 0.60245620314598158, 0.41666781449405149]
(46, 200): [1785, 120, 0.59356708888542165, 0.39259368985223103]
Results of: Paris
FOREIGN_TOURIST>>Male>>(16, 30): [4356, 310, 0.56570768897761026, 0.31942437608264229]
FOREIGN_TOURIST>>Male>>(31, 45): [3461, 222, 0.57376801619757523, 0.36307853645773169]
FOREIGN_TOURIST>>Male>>(46, 200): [388, 21, 0.60848623993573814, 0.55576012089763027]
FOREIGN_TOURIST>>Male: [9374, 635, 0.57016698053025572, 0.32543871174998401]
FOREIGN_TOURIST>>Female>>(16, 30): [9583, 676, 0.58814183404349341, 0.33922605635196346]
FOREIGN_TOURIST>>Female>>(31, 45): [1633, 113, 0.59607696407874033, 0.36788611453344727]
FOREIGN_TOURIST>>Female>>(46, 200): [176, 10, 0.55920735755399131, 0.58433943405183542]
FOREIGN_TOURIST>>Female: [16101, 1108, 0.58112010081555854, 0.32993686512823073]
FOREIGN_TOURIST: [58935, 4019, 0.57995244220914099, 0.31526163679172059]
LOCAL_TOURIST>>Male>>(16, 30): [735, 58, 0.51390826233499065, 0.42284416927149748]
LOCAL_TOURIST>>Male>>(31, 45): [475, 24, 0.57193405005925446, 0.53080919188151365]
LOCAL_TOURIST>>Male>>(46, 200): [243, 6, 0.51718434086554177, 0.64877001150991365]
LOCAL_TOURIST>>Male: [1740, 106, 0.52113255971158956, 0.3491078565411716]
LOCAL_TOURIST>>Female>>(16, 30): [1108, 89, 0.50280333646666175, 0.41946742675585169]
LOCAL_TOURIST>>Female>>(31, 45): [165, 18, 0.45791912121992406, 0.54307373350784571]
LOCAL_TOURIST>>Female>>(46, 200): [28, 3, 0.5791060764464947, 0.75071520168897488]
LOCAL_TOURIST>>Female: [1825, 157, 0.49581368029264916, 0.38986015316406669]
LOCAL_TOURIST: [8443, 644, 0.48709906815316123, 0.32999944532541564]
RESIDENT>>Male>>(16, 30): [4301, 230, 0.48542464158591953, 0.32116819057320301]
RESIDENT>>Male>>(31, 45): [2793, 136, 0.51548187793910838, 0.37062203733185084]
RESIDENT>>Male>>(46, 200): [676, 25, 0.43862934856065455, 0.47016688462301448]
RESIDENT>>Male: [8801, 448, 0.47781226759609796, 0.32301312460583403]
RESIDENT>>Female>>(16, 30): [6332, 332, 0.46561175816759792, 0.35692052850534312]
RESIDENT>>Female>>(31, 45): [1131, 65, 0.48601487824331485, 0.36293639187938359]
RESIDENT>>Female>>(46, 200): [277, 10, 0.52015129745538136, 0.61115911194005335]
RESIDENT>>Female: [10589, 566, 0.47201327632909129, 0.34634563909725896]
RESIDENT: [55323, 2801, 0.48134876054673675, 0.32884157397566272]
FOREIGN_TOURIST>>(16, 30)>>Male: [4356, 310, 0.56570768897761026, 0.31942437608264229]
FOREIGN_TOURIST>>(16, 30)>>Female: [9583, 676, 0.58814183404349341, 0.33922605635196346]
FOREIGN_TOURIST>>(16, 30): [13939, 986, 0.58062624022046794, 0.3276592345442923]
FOREIGN_TOURIST>>(31, 45)>>Male: [3461, 222, 0.57376801619757523, 0.36307853645773169]
FOREIGN_TOURIST>>(31, 45)>>Female: [1633, 113, 0.59607696407874033, 0.36788611453344727]
FOREIGN_TOURIST>>(31, 45): [5094, 335, 0.58004840789157686, 0.346676325545625]
FOREIGN_TOURIST>>(46, 200)>>Male: [388, 21, 0.60848623993573814, 0.55576012089763027]
FOREIGN_TOURIST>>(46, 200)>>Female: [176, 10, 0.55920735755399131, 0.58433943405183542]
FOREIGN_TOURIST>>(46, 200): [564, 31, 0.58521318232981845, 0.50367824035422704]
FOREIGN_TOURIST: [58935, 4019, 0.57995244220914099, 0.31526163679172059]
LOCAL_TOURIST>>(16, 30)>>Male: [735, 58, 0.51390826233499065, 0.42284416927149748]
LOCAL_TOURIST>>(16, 30)>>Female: [1108, 89, 0.50280333646666175, 0.41946742675585169]
LOCAL_TOURIST>>(16, 30): [1843, 147, 0.50410636940838105, 0.40200573882258195]
LOCAL_TOURIST>>(31, 45)>>Male: [475, 24, 0.57193405005925446, 0.53080919188151365]
LOCAL_TOURIST>>(31, 45)>>Female: [165, 18, 0.45791912121992406, 0.54307373350784571]
LOCAL_TOURIST>>(31, 45): [640, 42, 0.53840057507471828, 0.48595629952953784]
LOCAL_TOURIST>>(46, 200)>>Male: [243, 6, 0.51718434086554177, 0.64877001150991365]
LOCAL_TOURIST>>(46, 200)>>Female: [28, 3, 0.5791060764464947, 0.75071520168897488]
LOCAL_TOURIST>>(46, 200): [271, 9, 0.52039222364330751, 0.61134419348232405]
LOCAL_TOURIST: [8443, 644, 0.48709906815316123, 0.32999944532541564]
RESIDENT>>(16, 30)>>Male: [4301, 230, 0.48542464158591953, 0.32116819057320301]
RESIDENT>>(16, 30)>>Female: [6332, 332, 0.46561175816759792, 0.35692052850534312]
RESIDENT>>(16, 30): [10633, 562, 0.47259124968978533, 0.3326695860988349]
RESIDENT>>(31, 45)>>Male: [2793, 136, 0.51548187793910838, 0.37062203733185084]
RESIDENT>>(31, 45)>>Female: [1131, 65, 0.48601487824331485, 0.36293639187938359]
RESIDENT>>(31, 45): [3924, 201, 0.50070573171118693, 0.35545261010927942]
RESIDENT>>(46, 200)>>Male: [676, 25, 0.43862934856065455, 0.47016688462301448]
RESIDENT>>(46, 200)>>Female: [277, 10, 0.52015129745538136, 0.61115911194005335]
RESIDENT>>(46, 200): [953, 35, 0.44073755503220829, 0.44655436867023374]
RESIDENT: [55323, 2801, 0.48134876054673675, 0.32884157397566272]
Male>>FOREIGN_TOURIST>>(16, 30): [4356, 310, 0.56570768897761026, 0.31942437608264229]
Male>>FOREIGN_TOURIST>>(31, 45): [3461, 222, 0.57376801619757523, 0.36307853645773169]
Male>>FOREIGN_TOURIST>>(46, 200): [388, 21, 0.60848623993573814, 0.55576012089763027]
Male>>FOREIGN_TOURIST: [9374, 635, 0.57016698053025572, 0.32543871174998401]
Male>>LOCAL_TOURIST>>(16, 30): [735, 58, 0.51390826233499065, 0.42284416927149748]
Male>>LOCAL_TOURIST>>(31, 45): [475, 24, 0.57193405005925446, 0.53080919188151365]
Male>>LOCAL_TOURIST>>(46, 200): [243, 6, 0.51718434086554177, 0.64877001150991365]
Male>>LOCAL_TOURIST: [1740, 106, 0.52113255971158956, 0.3491078565411716]
Male>>RESIDENT>>(16, 30): [4301, 230, 0.48542464158591953, 0.32116819057320301]
Male>>RESIDENT>>(31, 45): [2793, 136, 0.51548187793910838, 0.37062203733185084]
Male>>RESIDENT>>(46, 200): [676, 25, 0.43862934856065455, 0.47016688462301448]
Male>>RESIDENT: [8801, 448, 0.47781226759609796, 0.32301312460583403]
Male: [19915, 1189, 0.52054274124675026, 0.31555016372723216]
Female>>FOREIGN_TOURIST>>(16, 30): [9583, 676, 0.58814183404349341, 0.33922605635196346]
Female>>FOREIGN_TOURIST>>(31, 45): [1633, 113, 0.59607696407874033, 0.36788611453344727]
Female>>FOREIGN_TOURIST>>(46, 200): [176, 10, 0.55920735755399131, 0.58433943405183542]
Female>>FOREIGN_TOURIST: [16101, 1108, 0.58112010081555854, 0.32993686512823073]
Female>>LOCAL_TOURIST>>(16, 30): [1108, 89, 0.50280333646666175, 0.41946742675585169]
Female>>LOCAL_TOURIST>>(31, 45): [165, 18, 0.45791912121992406, 0.54307373350784571]
Female>>LOCAL_TOURIST>>(46, 200): [28, 3, 0.5791060764464947, 0.75071520168897488]
Female>>LOCAL_TOURIST: [1825, 157, 0.49581368029264916, 0.38986015316406669]
Female>>RESIDENT>>(16, 30): [6332, 332, 0.46561175816759792, 0.35692052850534312]
Female>>RESIDENT>>(31, 45): [1131, 65, 0.48601487824331485, 0.36293639187938359]
Female>>RESIDENT>>(46, 200): [277, 10, 0.52015129745538136, 0.61115911194005335]
Female>>RESIDENT: [10589, 566, 0.47201327632909129, 0.34634563909725896]
Female: [28515, 1831, 0.53174375056723289, 0.33208431549209183]
Male>>(16, 30)>>FOREIGN_TOURIST: [4356, 310, 0.56570768897761026, 0.31942437608264229]
Male>>(16, 30)>>LOCAL_TOURIST: [735, 58, 0.51390826233499065, 0.42284416927149748]
Male>>(16, 30)>>RESIDENT: [4301, 230, 0.48542464158591953, 0.32116819057320301]
Male>>(16, 30): [9392, 598, 0.52073578326499836, 0.30992104079922667]
Male>>(31, 45)>>FOREIGN_TOURIST: [3461, 222, 0.57376801619757523, 0.36307853645773169]
Male>>(31, 45)>>LOCAL_TOURIST: [475, 24, 0.57193405005925446, 0.53080919188151365]
Male>>(31, 45)>>RESIDENT: [2793, 136, 0.51548187793910838, 0.37062203733185084]
Male>>(31, 45): [6729, 382, 0.54363474590821192, 0.35047432857944744]
Male>>(46, 200)>>FOREIGN_TOURIST: [388, 21, 0.60848623993573814, 0.55576012089763027]
Male>>(46, 200)>>LOCAL_TOURIST: [243, 6, 0.51718434086554177, 0.64877001150991365]
Male>>(46, 200)>>RESIDENT: [676, 25, 0.43862934856065455, 0.47016688462301448]
Male>>(46, 200): [1307, 52, 0.47729494864746236, 0.39073577939905335]
Male: [19915, 1189, 0.52054274124675026, 0.31555016372723216]
Female>>(16, 30)>>FOREIGN_TOURIST: [9583, 676, 0.58814183404349341, 0.33922605635196346]
Female>>(16, 30)>>LOCAL_TOURIST: [1108, 89, 0.50280333646666175, 0.41946742675585169]
Female>>(16, 30)>>RESIDENT: [6332, 332, 0.46561175816759792, 0.35692052850534312]
Female>>(16, 30): [17023, 1097, 0.53213023750218558, 0.33961946054602349]
Female>>(31, 45)>>FOREIGN_TOURIST: [1633, 113, 0.59607696407874033, 0.36788611453344727]
Female>>(31, 45)>>LOCAL_TOURIST: [165, 18, 0.45791912121992406, 0.54307373350784571]
Female>>(31, 45)>>RESIDENT: [1131, 65, 0.48601487824331485, 0.36293639187938359]
Female>>(31, 45): [2929, 196, 0.53725027710379292, 0.34902517521611826]
Female>>(46, 200)>>FOREIGN_TOURIST: [176, 10, 0.55920735755399131, 0.58433943405183542]
Female>>(46, 200)>>LOCAL_TOURIST: [28, 3, 0.5791060764464947, 0.75071520168897488]
Female>>(46, 200)>>RESIDENT: [277, 10, 0.52015129745538136, 0.61115911194005335]
Female>>(46, 200): [481, 23, 0.52249892867607495, 0.49847166491401496]
Female: [28515, 1831, 0.53174375056723289, 0.33208431549209183]
(16, 30)>>FOREIGN_TOURIST>>Male: [4356, 310, 0.56570768897761026, 0.31942437608264229]
(16, 30)>>FOREIGN_TOURIST>>Female: [9583, 676, 0.58814183404349341, 0.33922605635196346]
(16, 30)>>FOREIGN_TOURIST: [13939, 986, 0.58062624022046794, 0.3276592345442923]
(16, 30)>>LOCAL_TOURIST>>Male: [735, 58, 0.51390826233499065, 0.42284416927149748]
(16, 30)>>LOCAL_TOURIST>>Female: [1108, 89, 0.50280333646666175, 0.41946742675585169]
(16, 30)>>LOCAL_TOURIST: [1843, 147, 0.50410636940838105, 0.40200573882258195]
(16, 30)>>RESIDENT>>Male: [4301, 230, 0.48542464158591953, 0.32116819057320301]
(16, 30)>>RESIDENT>>Female: [6332, 332, 0.46561175816759792, 0.35692052850534312]
(16, 30)>>RESIDENT: [10633, 562, 0.47259124968978533, 0.3326695860988349]
(16, 30): [26415, 1695, 0.52729398476044009, 0.32508630918032894]
(31, 45)>>FOREIGN_TOURIST>>Male: [3461, 222, 0.57376801619757523, 0.36307853645773169]
(31, 45)>>FOREIGN_TOURIST>>Female: [1633, 113, 0.59607696407874033, 0.36788611453344727]
(31, 45)>>FOREIGN_TOURIST: [5094, 335, 0.58004840789157686, 0.346676325545625]
(31, 45)>>LOCAL_TOURIST>>Male: [475, 24, 0.57193405005925446, 0.53080919188151365]
(31, 45)>>LOCAL_TOURIST>>Female: [165, 18, 0.45791912121992406, 0.54307373350784571]
(31, 45)>>LOCAL_TOURIST: [640, 42, 0.53840057507471828, 0.48595629952953784]
(31, 45)>>RESIDENT>>Male: [2793, 136, 0.51548187793910838, 0.37062203733185084]
(31, 45)>>RESIDENT>>Female: [1131, 65, 0.48601487824331485, 0.36293639187938359]
(31, 45)>>RESIDENT: [3924, 201, 0.50070573171118693, 0.35545261010927942]
(31, 45): [9658, 578, 0.54040677933238013, 0.34249088572659941]
(46, 200)>>FOREIGN_TOURIST>>Male: [388, 21, 0.60848623993573814, 0.55576012089763027]
(46, 200)>>FOREIGN_TOURIST>>Female: [176, 10, 0.55920735755399131, 0.58433943405183542]
(46, 200)>>FOREIGN_TOURIST: [564, 31, 0.58521318232981845, 0.50367824035422704]
(46, 200)>>LOCAL_TOURIST>>Male: [243, 6, 0.51718434086554177, 0.64877001150991365]
(46, 200)>>LOCAL_TOURIST>>Female: [28, 3, 0.5791060764464947, 0.75071520168897488]
(46, 200)>>LOCAL_TOURIST: [271, 9, 0.52039222364330751, 0.61134419348232405]
(46, 200)>>RESIDENT>>Male: [676, 25, 0.43862934856065455, 0.47016688462301448]
(46, 200)>>RESIDENT>>Female: [277, 10, 0.52015129745538136, 0.61115911194005335]
(46, 200)>>RESIDENT: [953, 35, 0.44073755503220829, 0.44655436867023374]
(46, 200): [1788, 75, 0.48176726372438128, 0.38129489866018335]
(16, 30)>>Male>>FOREIGN_TOURIST: [4356, 310, 0.56570768897761026, 0.31942437608264229]
(16, 30)>>Male>>LOCAL_TOURIST: [735, 58, 0.51390826233499065, 0.42284416927149748]
(16, 30)>>Male>>RESIDENT: [4301, 230, 0.48542464158591953, 0.32116819057320301]
(16, 30)>>Male: [9392, 598, 0.52073578326499836, 0.30992104079922667]
(16, 30)>>Female>>FOREIGN_TOURIST: [9583, 676, 0.58814183404349341, 0.33922605635196346]
(16, 30)>>Female>>LOCAL_TOURIST: [1108, 89, 0.50280333646666175, 0.41946742675585169]
(16, 30)>>Female>>RESIDENT: [6332, 332, 0.46561175816759792, 0.35692052850534312]
(16, 30)>>Female: [17023, 1097, 0.53213023750218558, 0.33961946054602349]
(16, 30): [26415, 1695, 0.52729398476044009, 0.32508630918032894]
(31, 45)>>Male>>FOREIGN_TOURIST: [3461, 222, 0.57376801619757523, 0.36307853645773169]
(31, 45)>>Male>>LOCAL_TOURIST: [475, 24, 0.57193405005925446, 0.53080919188151365]
(31, 45)>>Male>>RESIDENT: [2793, 136, 0.51548187793910838, 0.37062203733185084]
(31, 45)>>Male: [6729, 382, 0.54363474590821192, 0.35047432857944744]
(31, 45)>>Female>>FOREIGN_TOURIST: [1633, 113, 0.59607696407874033, 0.36788611453344727]
(31, 45)>>Female>>LOCAL_TOURIST: [165, 18, 0.45791912121992406, 0.54307373350784571]
(31, 45)>>Female>>RESIDENT: [1131, 65, 0.48601487824331485, 0.36293639187938359]
(31, 45)>>Female: [2929, 196, 0.53725027710379292, 0.34902517521611826]
(31, 45): [9658, 578, 0.54040677933238013, 0.34249088572659941]
(46, 200)>>Male>>FOREIGN_TOURIST: [388, 21, 0.60848623993573814, 0.55576012089763027]
(46, 200)>>Male>>LOCAL_TOURIST: [243, 6, 0.51718434086554177, 0.64877001150991365]
(46, 200)>>Male>>RESIDENT: [676, 25, 0.43862934856065455, 0.47016688462301448]
(46, 200)>>Male: [1307, 52, 0.47729494864746236, 0.39073577939905335]
(46, 200)>>Female>>FOREIGN_TOURIST: [176, 10, 0.55920735755399131, 0.58433943405183542]
(46, 200)>>Female>>LOCAL_TOURIST: [28, 3, 0.5791060764464947, 0.75071520168897488]
(46, 200)>>Female>>RESIDENT: [277, 10, 0.52015129745538136, 0.61115911194005335]
(46, 200)>>Female: [481, 23, 0.52249892867607495, 0.49847166491401496]
(46, 200): [1788, 75, 0.48176726372438128, 0.38129489866018335]
Results of: Rome
FOREIGN_TOURIST>>Male>>(16, 30): [1441, 135, 0.82133101626876981, 0.40190876042011042]
FOREIGN_TOURIST>>Male>>(31, 45): [1176, 88, 0.81445768184426948, 0.40177084245910216]
FOREIGN_TOURIST>>Male>>(46, 200): [235, 13, 0.826671789203, 0.54604319552665304]
FOREIGN_TOURIST>>Male: [3386, 279, 0.81665486502342977, 0.37485977175611396]
FOREIGN_TOURIST>>Female>>(16, 30): [3461, 314, 0.80464167412904464, 0.4357286360862056]
FOREIGN_TOURIST>>Female>>(31, 45): [1186, 70, 0.82179186059847054, 0.56158725756671091]
FOREIGN_TOURIST>>Female>>(46, 200): [60, 6, 0.83989346428466449, 0.67802169892195163]
FOREIGN_TOURIST>>Female: [5985, 508, 0.80673888960942297, 0.41513364470926006]
FOREIGN_TOURIST: [19912, 1717, 0.80619786268612248, 0.3810334515461018]
LOCAL_TOURIST>>Male>>(16, 30): [742, 75, 0.74330888377293292, 0.44628473900137711]
LOCAL_TOURIST>>Male>>(31, 45): [432, 49, 0.7908421781051499, 0.41741796326483638]
LOCAL_TOURIST>>Male>>(46, 200): [50, 8, 0.83507121034182252, 0.68796166805731984]
LOCAL_TOURIST>>Male: [1348, 152, 0.75906824040526488, 0.37786799573922669]
LOCAL_TOURIST>>Female>>(16, 30): [788, 104, 0.74714887310380984, 0.37598953982983241]
LOCAL_TOURIST>>Female>>(31, 45): [148, 23, 0.69983077897828916, 0.5618478342944927]
LOCAL_TOURIST>>Female>>(46, 200): [8, 2, 0.8150689098228715, 0.89795096910464811]
LOCAL_TOURIST>>Female: [1273, 168, 0.73747873034197786, 0.35449993902301996]
LOCAL_TOURIST: [6140, 725, 0.72713313432714355, 0.33613123563049468]
RESIDENT>>Male>>(16, 30): [2124, 140, 0.58951863158430617, 0.40517528577194328]
RESIDENT>>Male>>(31, 45): [1652, 99, 0.60729722381320561, 0.3900257723126665]
RESIDENT>>Male>>(46, 200): [519, 34, 0.705270942554174, 0.40904263685107473]
RESIDENT>>Male: [5000, 323, 0.58824573379903422, 0.34991603720585773]
RESIDENT>>Female>>(16, 30): [4491, 282, 0.58160173278027283, 0.34933244731270718]
RESIDENT>>Female>>(31, 45): [975, 62, 0.58291833516648328, 0.42251468902022637]
RESIDENT>>Female>>(46, 200): [9, 2, 0.8284713136660008, 0.92926744596969713]
RESIDENT>>Female: [7237, 472, 0.55666640161434044, 0.33860960394020057]
RESIDENT: [36864, 2307, 0.57113496247995332, 0.34047054327896731]
FOREIGN_TOURIST>>(16, 30)>>Male: [1441, 135, 0.82133101626876981, 0.40190876042011042]
FOREIGN_TOURIST>>(16, 30)>>Female: [3461, 314, 0.80464167412904464, 0.4357286360862056]
FOREIGN_TOURIST>>(16, 30): [4902, 449, 0.80909176581930919, 0.4131343515582479]
FOREIGN_TOURIST>>(31, 45)>>Male: [1176, 88, 0.81445768184426948, 0.40177084245910216]
FOREIGN_TOURIST>>(31, 45)>>Female: [1186, 70, 0.82179186059847054, 0.56158725756671091]
FOREIGN_TOURIST>>(31, 45): [2362, 158, 0.81389771001574729, 0.44861949214090024]
FOREIGN_TOURIST>>(46, 200)>>Male: [235, 13, 0.826671789203, 0.54604319552665304]
FOREIGN_TOURIST>>(46, 200)>>Female: [60, 6, 0.83989346428466449, 0.67802169892195163]
FOREIGN_TOURIST>>(46, 200): [295, 19, 0.8262519885182954, 0.51943582503290986]
FOREIGN_TOURIST: [19912, 1717, 0.80619786268612248, 0.3810334515461018]
LOCAL_TOURIST>>(16, 30)>>Male: [742, 75, 0.74330888377293292, 0.44628473900137711]
LOCAL_TOURIST>>(16, 30)>>Female: [788, 104, 0.74714887310380984, 0.37598953982983241]
LOCAL_TOURIST>>(16, 30): [1530, 179, 0.74341885489533832, 0.37152278891001883]
LOCAL_TOURIST>>(31, 45)>>Male: [432, 49, 0.7908421781051499, 0.41741796326483638]
LOCAL_TOURIST>>(31, 45)>>Female: [148, 23, 0.69983077897828916, 0.5618478342944927]
LOCAL_TOURIST>>(31, 45): [580, 72, 0.7622945812271158, 0.40122120947444401]
LOCAL_TOURIST>>(46, 200)>>Male: [50, 8, 0.83507121034182252, 0.68796166805731984]
LOCAL_TOURIST>>(46, 200)>>Female: [8, 2, 0.8150689098228715, 0.89795096910464811]
LOCAL_TOURIST>>(46, 200): [58, 10, 0.80761507202008476, 0.66601873779705767]
LOCAL_TOURIST: [6140, 725, 0.72713313432714355, 0.33613123563049468]
RESIDENT>>(16, 30)>>Male: [2124, 140, 0.58951863158430617, 0.40517528577194328]
RESIDENT>>(16, 30)>>Female: [4491, 282, 0.58160173278027283, 0.34933244731270718]
RESIDENT>>(16, 30): [6615, 422, 0.57844642661615053, 0.35710001972623362]
RESIDENT>>(31, 45)>>Male: [1652, 99, 0.60729722381320561, 0.3900257723126665]
RESIDENT>>(31, 45)>>Female: [975, 62, 0.58291833516648328, 0.42251468902022637]
RESIDENT>>(31, 45): [2627, 161, 0.59010341267015254, 0.37102507376248567]
RESIDENT>>(46, 200)>>Male: [519, 34, 0.705270942554174, 0.40904263685107473]
RESIDENT>>(46, 200)>>Female: [9, 2, 0.8284713136660008, 0.92926744596969713]
RESIDENT>>(46, 200): [528, 36, 0.70692739524241643, 0.40845302512214582]
RESIDENT: [36864, 2307, 0.57113496247995332, 0.34047054327896731]
Male>>FOREIGN_TOURIST>>(16, 30): [1441, 135, 0.82133101626876981, 0.40190876042011042]
Male>>FOREIGN_TOURIST>>(31, 45): [1176, 88, 0.81445768184426948, 0.40177084245910216]
Male>>FOREIGN_TOURIST>>(46, 200): [235, 13, 0.826671789203, 0.54604319552665304]
Male>>FOREIGN_TOURIST: [3386, 279, 0.81665486502342977, 0.37485977175611396]
Male>>LOCAL_TOURIST>>(16, 30): [742, 75, 0.74330888377293292, 0.44628473900137711]
Male>>LOCAL_TOURIST>>(31, 45): [432, 49, 0.7908421781051499, 0.41741796326483638]
Male>>LOCAL_TOURIST>>(46, 200): [50, 8, 0.83507121034182252, 0.68796166805731984]
Male>>LOCAL_TOURIST: [1348, 152, 0.75906824040526488, 0.37786799573922669]
Male>>RESIDENT>>(16, 30): [2124, 140, 0.58951863158430617, 0.40517528577194328]
Male>>RESIDENT>>(31, 45): [1652, 99, 0.60729722381320561, 0.3900257723126665]
Male>>RESIDENT>>(46, 200): [519, 34, 0.705270942554174, 0.40904263685107473]
Male>>RESIDENT: [5000, 323, 0.58824573379903422, 0.34991603720585773]
Male: [9734, 754, 0.68908433307213102, 0.34517638879259321]
Female>>FOREIGN_TOURIST>>(16, 30): [3461, 314, 0.80464167412904464, 0.4357286360862056]
Female>>FOREIGN_TOURIST>>(31, 45): [1186, 70, 0.82179186059847054, 0.56158725756671091]
Female>>FOREIGN_TOURIST>>(46, 200): [60, 6, 0.83989346428466449, 0.67802169892195163]
Female>>FOREIGN_TOURIST: [5985, 508, 0.80673888960942297, 0.41513364470926006]
Female>>LOCAL_TOURIST>>(16, 30): [788, 104, 0.74714887310380984, 0.37598953982983241]
Female>>LOCAL_TOURIST>>(31, 45): [148, 23, 0.69983077897828916, 0.5618478342944927]
Female>>LOCAL_TOURIST>>(46, 200): [8, 2, 0.8150689098228715, 0.89795096910464811]
Female>>LOCAL_TOURIST: [1273, 168, 0.73747873034197786, 0.35449993902301996]
Female>>RESIDENT>>(16, 30): [4491, 282, 0.58160173278027283, 0.34933244731270718]
Female>>RESIDENT>>(31, 45): [975, 62, 0.58291833516648328, 0.42251468902022637]
Female>>RESIDENT>>(46, 200): [9, 2, 0.8284713136660008, 0.92926744596969713]
Female>>RESIDENT: [7237, 472, 0.55666640161434044, 0.33860960394020057]
Female: [14495, 1148, 0.67302638946737803, 0.35950965540660562]
Male>>(16, 30)>>FOREIGN_TOURIST: [1441, 135, 0.82133101626876981, 0.40190876042011042]
Male>>(16, 30)>>LOCAL_TOURIST: [742, 75, 0.74330888377293292, 0.44628473900137711]
Male>>(16, 30)>>RESIDENT: [2124, 140, 0.58951863158430617, 0.40517528577194328]
Male>>(16, 30): [4307, 350, 0.6891188872013978, 0.37088637622761467]
Male>>(31, 45)>>FOREIGN_TOURIST: [1176, 88, 0.81445768184426948, 0.40177084245910216]
Male>>(31, 45)>>LOCAL_TOURIST: [432, 49, 0.7908421781051499, 0.41741796326483638]
Male>>(31, 45)>>RESIDENT: [1652, 99, 0.60729722381320561, 0.3900257723126665]
Male>>(31, 45): [3260, 236, 0.70144847933842069, 0.36279815221441103]
Male>>(46, 200)>>FOREIGN_TOURIST: [235, 13, 0.826671789203, 0.54604319552665304]
Male>>(46, 200)>>LOCAL_TOURIST: [50, 8, 0.83507121034182252, 0.68796166805731984]
Male>>(46, 200)>>RESIDENT: [519, 34, 0.705270942554174, 0.40904263685107473]
Male>>(46, 200): [804, 55, 0.74390515968545146, 0.37376776586486504]
Male: [9734, 754, 0.68908433307213102, 0.34517638879259321]
Female>>(16, 30)>>FOREIGN_TOURIST: [3461, 314, 0.80464167412904464, 0.4357286360862056]
Female>>(16, 30)>>LOCAL_TOURIST: [788, 104, 0.74714887310380984, 0.37598953982983241]
Female>>(16, 30)>>RESIDENT: [4491, 282, 0.58160173278027283, 0.34933244731270718]
Female>>(16, 30): [8740, 700, 0.68125760150416637, 0.37015540146791731]
Female>>(31, 45)>>FOREIGN_TOURIST: [1186, 70, 0.82179186059847054, 0.56158725756671091]
Female>>(31, 45)>>LOCAL_TOURIST: [148, 23, 0.69983077897828916, 0.5618478342944927]
Female>>(31, 45)>>RESIDENT: [975, 62, 0.58291833516648328, 0.42251468902022637]
Female>>(31, 45): [2309, 155, 0.7018092267080982, 0.44833308892007401]
Female>>(46, 200)>>FOREIGN_TOURIST: [60, 6, 0.83989346428466449, 0.67802169892195163]
Female>>(46, 200)>>LOCAL_TOURIST: [8, 2, 0.8150689098228715, 0.89795096910464811]
Female>>(46, 200)>>RESIDENT: [9, 2, 0.8284713136660008, 0.92926744596969713]
Female>>(46, 200): [77, 10, 0.81110107789541985, 0.60077120400784656]
Female: [14495, 1148, 0.67302638946737803, 0.35950965540660562]
(16, 30)>>FOREIGN_TOURIST>>Male: [1441, 135, 0.82133101626876981, 0.40190876042011042]
(16, 30)>>FOREIGN_TOURIST>>Female: [3461, 314, 0.80464167412904464, 0.4357286360862056]
(16, 30)>>FOREIGN_TOURIST: [4902, 449, 0.80909176581930919, 0.4131343515582479]
(16, 30)>>LOCAL_TOURIST>>Male: [742, 75, 0.74330888377293292, 0.44628473900137711]
(16, 30)>>LOCAL_TOURIST>>Female: [788, 104, 0.74714887310380984, 0.37598953982983241]
(16, 30)>>LOCAL_TOURIST: [1530, 179, 0.74341885489533832, 0.37152278891001883]
(16, 30)>>RESIDENT>>Male: [2124, 140, 0.58951863158430617, 0.40517528577194328]
(16, 30)>>RESIDENT>>Female: [4491, 282, 0.58160173278027283, 0.34933244731270718]
(16, 30)>>RESIDENT: [6615, 422, 0.57844642661615053, 0.35710001972623362]
(16, 30): [13047, 1050, 0.68140304786832151, 0.36266476739305703]
(31, 45)>>FOREIGN_TOURIST>>Male: [1176, 88, 0.81445768184426948, 0.40177084245910216]
(31, 45)>>FOREIGN_TOURIST>>Female: [1186, 70, 0.82179186059847054, 0.56158725756671091]
(31, 45)>>FOREIGN_TOURIST: [2362, 158, 0.81389771001574729, 0.44861949214090024]
(31, 45)>>LOCAL_TOURIST>>Male: [432, 49, 0.7908421781051499, 0.41741796326483638]
(31, 45)>>LOCAL_TOURIST>>Female: [148, 23, 0.69983077897828916, 0.5618478342944927]
(31, 45)>>LOCAL_TOURIST: [580, 72, 0.7622945812271158, 0.40122120947444401]
(31, 45)>>RESIDENT>>Male: [1652, 99, 0.60729722381320561, 0.3900257723126665]
(31, 45)>>RESIDENT>>Female: [975, 62, 0.58291833516648328, 0.42251468902022637]
(31, 45)>>RESIDENT: [2627, 161, 0.59010341267015254, 0.37102507376248567]
(31, 45): [5569, 391, 0.6982123063176795, 0.37398070489366902]
(46, 200)>>FOREIGN_TOURIST>>Male: [235, 13, 0.826671789203, 0.54604319552665304]
(46, 200)>>FOREIGN_TOURIST>>Female: [60, 6, 0.83989346428466449, 0.67802169892195163]
(46, 200)>>FOREIGN_TOURIST: [295, 19, 0.8262519885182954, 0.51943582503290986]
(46, 200)>>LOCAL_TOURIST>>Male: [50, 8, 0.83507121034182252, 0.68796166805731984]
(46, 200)>>LOCAL_TOURIST>>Female: [8, 2, 0.8150689098228715, 0.89795096910464811]
(46, 200)>>LOCAL_TOURIST: [58, 10, 0.80761507202008476, 0.66601873779705767]
(46, 200)>>RESIDENT>>Male: [519, 34, 0.705270942554174, 0.40904263685107473]
(46, 200)>>RESIDENT>>Female: [9, 2, 0.8284713136660008, 0.92926744596969713]
(46, 200)>>RESIDENT: [528, 36, 0.70692739524241643, 0.40845302512214582]
(46, 200): [881, 65, 0.74833364269149816, 0.37345657041864927]
(16, 30)>>Male>>FOREIGN_TOURIST: [1441, 135, 0.82133101626876981, 0.40190876042011042]
(16, 30)>>Male>>LOCAL_TOURIST: [742, 75, 0.74330888377293292, 0.44628473900137711]
(16, 30)>>Male>>RESIDENT: [2124, 140, 0.58951863158430617, 0.40517528577194328]
(16, 30)>>Male: [4307, 350, 0.6891188872013978, 0.37088637622761467]
(16, 30)>>Female>>FOREIGN_TOURIST: [3461, 314, 0.80464167412904464, 0.4357286360862056]
(16, 30)>>Female>>LOCAL_TOURIST: [788, 104, 0.74714887310380984, 0.37598953982983241]
(16, 30)>>Female>>RESIDENT: [4491, 282, 0.58160173278027283, 0.34933244731270718]
(16, 30)>>Female: [8740, 700, 0.68125760150416637, 0.37015540146791731]
(16, 30): [13047, 1050, 0.68140304786832151, 0.36266476739305703]
(31, 45)>>Male>>FOREIGN_TOURIST: [1176, 88, 0.81445768184426948, 0.40177084245910216]
(31, 45)>>Male>>LOCAL_TOURIST: [432, 49, 0.7908421781051499, 0.41741796326483638]
(31, 45)>>Male>>RESIDENT: [1652, 99, 0.60729722381320561, 0.3900257723126665]
(31, 45)>>Male: [3260, 236, 0.70144847933842069, 0.36279815221441103]
(31, 45)>>Female>>FOREIGN_TOURIST: [1186, 70, 0.82179186059847054, 0.56158725756671091]
(31, 45)>>Female>>LOCAL_TOURIST: [148, 23, 0.69983077897828916, 0.5618478342944927]
(31, 45)>>Female>>RESIDENT: [975, 62, 0.58291833516648328, 0.42251468902022637]
(31, 45)>>Female: [2309, 155, 0.7018092267080982, 0.44833308892007401]
(31, 45): [5569, 391, 0.6982123063176795, 0.37398070489366902]
(46, 200)>>Male>>FOREIGN_TOURIST: [235, 13, 0.826671789203, 0.54604319552665304]
(46, 200)>>Male>>LOCAL_TOURIST: [50, 8, 0.83507121034182252, 0.68796166805731984]
(46, 200)>>Male>>RESIDENT: [519, 34, 0.705270942554174, 0.40904263685107473]
(46, 200)>>Male: [804, 55, 0.74390515968545146, 0.37376776586486504]
(46, 200)>>Female>>FOREIGN_TOURIST: [60, 6, 0.83989346428466449, 0.67802169892195163]
(46, 200)>>Female>>LOCAL_TOURIST: [8, 2, 0.8150689098228715, 0.89795096910464811]
(46, 200)>>Female>>RESIDENT: [9, 2, 0.8284713136660008, 0.92926744596969713]
(46, 200)>>Female: [77, 10, 0.81110107789541985, 0.60077120400784656]
(46, 200): [881, 65, 0.74833364269149816, 0.37345657041864927]
