Results of: Amsterdam
FOREIGN_TOURIST: [21047, 2171, 0.84018359991517111, 0.3218797977985034]
LOCAL_TOURIST: [4866, 378, 0.64219852568987579, 0.37976133909667409]
RESIDENT: [14968, 961, 0.76670807942676167, 0.33627214568631886]
FOREIGN_TOURIST: [21047, 2171, 0.84018359991517111, 0.3218797977985034]
LOCAL_TOURIST: [4866, 378, 0.64219852568987579, 0.37976133909667409]
RESIDENT: [14968, 961, 0.76670807942676167, 0.33627214568631886]
Male: [6459, 601, 0.79681237968189278, 0.34338973090008779]
Female: [8771, 795, 0.78545092010014339, 0.36547981371822336]
Male: [6459, 601, 0.79681237968189278, 0.34338973090008779]
Female: [8771, 795, 0.78545092010014339, 0.36547981371822336]
(16, 30): [7874, 755, 0.80908622275094899, 0.33200986838757091]
(31, 45): [3268, 303, 0.78646545252463085, 0.35097941210451766]
(46, 200): [646, 49, 0.83522793228760606, 0.51970181148517236]
(16, 30): [7874, 755, 0.80908622275094899, 0.33200986838757091]
(31, 45): [3268, 303, 0.78646545252463085, 0.35097941210451766]
(46, 200): [646, 49, 0.83522793228760606, 0.51970181148517236]
Results of: London
FOREIGN_TOURIST: [56746, 4548, 0.68174216234663476, 0.31817772795476046]
LOCAL_TOURIST: [12877, 1394, 0.66679662766973313, 0.32467081767745043]
RESIDENT: [109496, 6835, 0.57243574508176964, 0.32187224844649764]
FOREIGN_TOURIST: [56746, 4548, 0.68174216234663476, 0.31817772795476046]
LOCAL_TOURIST: [12877, 1394, 0.66679662766973313, 0.32467081767745043]
RESIDENT: [109496, 6835, 0.57243574508176964, 0.32187224844649764]
Male: [27281, 1999, 0.61439036631874622, 0.32589725715746154]
Female: [40856, 3172, 0.61177676365472744, 0.32790257534038886]
Male: [27281, 1999, 0.61439036631874622, 0.32589725715746154]
Female: [40856, 3172, 0.61177676365472744, 0.32790257534038886]
(16, 30): [37026, 2843, 0.61773804930178156, 0.32045304372443068]
(31, 45): [13609, 1039, 0.61557048907692014, 0.34043189303963955]
(46, 200): [1785, 120, 0.59356708888542165, 0.39259368985223103]
(16, 30): [37026, 2843, 0.61773804930178156, 0.32045304372443068]
(31, 45): [13609, 1039, 0.61557048907692014, 0.34043189303963955]
(46, 200): [1785, 120, 0.59356708888542165, 0.39259368985223103]
Results of: Paris
FOREIGN_TOURIST: [58935, 4019, 0.57995244220914099, 0.31526163679172059]
LOCAL_TOURIST: [8443, 644, 0.48709906815316123, 0.32999944532541564]
RESIDENT: [55323, 2801, 0.48134876054673675, 0.32884157397566272]
FOREIGN_TOURIST: [58935, 4019, 0.57995244220914099, 0.31526163679172059]
LOCAL_TOURIST: [8443, 644, 0.48709906815316123, 0.32999944532541564]
RESIDENT: [55323, 2801, 0.48134876054673675, 0.32884157397566272]
Male: [19915, 1189, 0.52054274124675026, 0.31555016372723216]
Female: [28515, 1831, 0.53174375056723289, 0.33208431549209183]
Male: [19915, 1189, 0.52054274124675026, 0.31555016372723216]
Female: [28515, 1831, 0.53174375056723289, 0.33208431549209183]
(16, 30): [26415, 1695, 0.52729398476044009, 0.32508630918032894]
(31, 45): [9658, 578, 0.54040677933238013, 0.34249088572659941]
(46, 200): [1788, 75, 0.48176726372438128, 0.38129489866018335]
(16, 30): [26415, 1695, 0.52729398476044009, 0.32508630918032894]
(31, 45): [9658, 578, 0.54040677933238013, 0.34249088572659941]
(46, 200): [1788, 75, 0.48176726372438128, 0.38129489866018335]
Results of: Rome
FOREIGN_TOURIST: [19912, 1717, 0.80619786268612248, 0.3810334515461018]
LOCAL_TOURIST: [6140, 725, 0.72713313432714355, 0.33613123563049468]
RESIDENT: [36864, 2307, 0.57113496247995332, 0.34047054327896731]
FOREIGN_TOURIST: [19912, 1717, 0.80619786268612248, 0.3810334515461018]
LOCAL_TOURIST: [6140, 725, 0.72713313432714355, 0.33613123563049468]
RESIDENT: [36864, 2307, 0.57113496247995332, 0.34047054327896731]
Male: [9734, 754, 0.68908433307213102, 0.34517638879259321]
Female: [14495, 1148, 0.67302638946737803, 0.35950965540660562]
Male: [9734, 754, 0.68908433307213102, 0.34517638879259321]
Female: [14495, 1148, 0.67302638946737803, 0.35950965540660562]
(16, 30): [13047, 1050, 0.68140304786832151, 0.36266476739305703]
(31, 45): [5569, 391, 0.6982123063176795, 0.37398070489366902]
(46, 200): [881, 65, 0.74833364269149816, 0.37345657041864927]
(16, 30): [13047, 1050, 0.68140304786832151, 0.36266476739305703]
(31, 45): [5569, 391, 0.6982123063176795, 0.37398070489366902]
(46, 200): [881, 65, 0.74833364269149816, 0.37345657041864927]
