Results of: Amsterdam
FOREIGN_TOURIST>>Male>>(16, 30): [1218, 122, 0.81196934312398839, 0.30139387891199815]
FOREIGN_TOURIST>>Male>>(31, 45): [947, 108, 0.74224627698976076, 0.35402322927211299]
FOREIGN_TOURIST>>Male>>(46, 200): [158, 23, 0.80078370834348922, 0.47963920892759837]
FOREIGN_TOURIST>>Male: [2446, 269, 0.77559074804337513, 0.27476591661076155]
FOREIGN_TOURIST>>Female>>(16, 30): [885, 123, 0.80105962827956256, 0.37117044009973194]
FOREIGN_TOURIST>>Female>>(31, 45): [301, 36, 0.75211406185791185, 0.45947564658460882]
FOREIGN_TOURIST>>Female>>(46, 200): [29, 5, 0.79191467914995295, 0.709609396334003]
FOREIGN_TOURIST>>Female: [1820, 207, 0.80045929156090823, 0.32605329803882055]
FOREIGN_TOURIST: [6869, 769, 0.77240534314271125, 0.26761016569776575]
LOCAL_TOURIST>>Male>>(16, 30): [2186, 111, 0.62824014900363367, 0.34466021374757971]
LOCAL_TOURIST>>Male>>(31, 45): [1341, 122, 0.49643178817363237, 0.37150625486546196]
LOCAL_TOURIST>>Male>>(46, 200): [569, 52, 0.57297600580340569, 0.43085644577751331]
LOCAL_TOURIST>>Male: [4364, 309, 0.53112972613035514, 0.31462219146215231]
LOCAL_TOURIST>>Female>>(16, 30): [1456, 121, 0.48120656394124983, 0.37881605136345714]
LOCAL_TOURIST>>Female>>(31, 45): [1137, 40, 0.72716513235401503, 0.43789887561225205]
LOCAL_TOURIST>>Female>>(46, 200): [130, 13, 0.68569258199197203, 0.60844234219810089]
LOCAL_TOURIST>>Female: [3022, 203, 0.51339972744468465, 0.36557116071447893]
LOCAL_TOURIST: [12080, 799, 0.42562625540286303, 0.3014101600928929]
RESIDENT>>Male>>(16, 30): [1223, 59, 0.74349917352329764, 0.2617473402574228]
RESIDENT>>Male>>(31, 45): [1719, 66, 0.76448356569725662, 0.32172314076557468]
RESIDENT>>Male>>(46, 200): [830, 28, 0.77834715456304826, 0.43487090395665101]
RESIDENT>>Male: [3877, 164, 0.75263354417548423, 0.28514299821714062]
RESIDENT>>Female>>(16, 30): [1323, 63, 0.7180459885791689, 0.36769982193052203]
RESIDENT>>Female>>(31, 45): [1201, 40, 0.76942344733891299, 0.40833170596754215]
RESIDENT>>Female>>(46, 200): [163, 6, 0.7667768523849352, 0.55308694321482132]
RESIDENT>>Female: [3434, 129, 0.69590036585217552, 0.33790957405875477]
RESIDENT: [19367, 530, 0.76092385678003494, 0.2181139437104308]
FOREIGN_TOURIST>>(16, 30)>>Male: [1218, 122, 0.81196934312398839, 0.30139387891199815]
FOREIGN_TOURIST>>(16, 30)>>Female: [885, 123, 0.80105962827956256, 0.37117044009973194]
FOREIGN_TOURIST>>(16, 30): [2103, 245, 0.80488218964081482, 0.29078704084998036]
FOREIGN_TOURIST>>(31, 45)>>Male: [947, 108, 0.74224627698976076, 0.35402322927211299]
FOREIGN_TOURIST>>(31, 45)>>Female: [301, 36, 0.75211406185791185, 0.45947564658460882]
FOREIGN_TOURIST>>(31, 45): [1248, 144, 0.73766157571092317, 0.34615511430184853]
FOREIGN_TOURIST>>(46, 200)>>Male: [158, 23, 0.80078370834348922, 0.47963920892759837]
FOREIGN_TOURIST>>(46, 200)>>Female: [29, 5, 0.79191467914995295, 0.709609396334003]
FOREIGN_TOURIST>>(46, 200): [187, 28, 0.79223873194326355, 0.43689278094347306]
FOREIGN_TOURIST: [6869, 769, 0.77240534314271125, 0.26761016569776575]
LOCAL_TOURIST>>(16, 30)>>Male: [2186, 111, 0.62824014900363367, 0.34466021374757971]
LOCAL_TOURIST>>(16, 30)>>Female: [1456, 121, 0.48120656394124983, 0.37881605136345714]
LOCAL_TOURIST>>(16, 30): [3642, 232, 0.52931259432675892, 0.32064501252797867]
LOCAL_TOURIST>>(31, 45)>>Male: [1341, 122, 0.49643178817363237, 0.37150625486546196]
LOCAL_TOURIST>>(31, 45)>>Female: [1137, 40, 0.72716513235401503, 0.43789887561225205]
LOCAL_TOURIST>>(31, 45): [2478, 162, 0.49182271975865094, 0.34915476554808689]
LOCAL_TOURIST>>(46, 200)>>Male: [569, 52, 0.57297600580340569, 0.43085644577751331]
LOCAL_TOURIST>>(46, 200)>>Female: [130, 13, 0.68569258199197203, 0.60844234219810089]
LOCAL_TOURIST>>(46, 200): [699, 65, 0.58487518820995599, 0.41717986076200392]
LOCAL_TOURIST: [12080, 799, 0.42562625540286303, 0.3014101600928929]
RESIDENT>>(16, 30)>>Male: [1223, 59, 0.74349917352329764, 0.2617473402574228]
RESIDENT>>(16, 30)>>Female: [1323, 63, 0.7180459885791689, 0.36769982193052203]
RESIDENT>>(16, 30): [2546, 122, 0.72545665284974348, 0.26886684891341545]
RESIDENT>>(31, 45)>>Male: [1719, 66, 0.76448356569725662, 0.32172314076557468]
RESIDENT>>(31, 45)>>Female: [1201, 40, 0.76942344733891299, 0.40833170596754215]
RESIDENT>>(31, 45): [2920, 106, 0.74653996609720152, 0.33613115001086941]
RESIDENT>>(46, 200)>>Male: [830, 28, 0.77834715456304826, 0.43487090395665101]
RESIDENT>>(46, 200)>>Female: [163, 6, 0.7667768523849352, 0.55308694321482132]
RESIDENT>>(46, 200): [993, 34, 0.76995207098299301, 0.41064789361312776]
RESIDENT: [19367, 530, 0.76092385678003494, 0.2181139437104308]
Male>>FOREIGN_TOURIST>>(16, 30): [1218, 122, 0.81196934312398839, 0.30139387891199815]
Male>>FOREIGN_TOURIST>>(31, 45): [947, 108, 0.74224627698976076, 0.35402322927211299]
Male>>FOREIGN_TOURIST>>(46, 200): [158, 23, 0.80078370834348922, 0.47963920892759837]
Male>>FOREIGN_TOURIST: [2446, 269, 0.77559074804337513, 0.27476591661076155]
Male>>LOCAL_TOURIST>>(16, 30): [2186, 111, 0.62824014900363367, 0.34466021374757971]
Male>>LOCAL_TOURIST>>(31, 45): [1341, 122, 0.49643178817363237, 0.37150625486546196]
Male>>LOCAL_TOURIST>>(46, 200): [569, 52, 0.57297600580340569, 0.43085644577751331]
Male>>LOCAL_TOURIST: [4364, 309, 0.53112972613035514, 0.31462219146215231]
Male>>RESIDENT>>(16, 30): [1223, 59, 0.74349917352329764, 0.2617473402574228]
Male>>RESIDENT>>(31, 45): [1719, 66, 0.76448356569725662, 0.32172314076557468]
Male>>RESIDENT>>(46, 200): [830, 28, 0.77834715456304826, 0.43487090395665101]
Male>>RESIDENT: [3877, 164, 0.75263354417548423, 0.28514299821714062]
Male: [10687, 742, 0.62702790506888051, 0.27147045368269035]
Female>>FOREIGN_TOURIST>>(16, 30): [885, 123, 0.80105962827956256, 0.37117044009973194]
Female>>FOREIGN_TOURIST>>(31, 45): [301, 36, 0.75211406185791185, 0.45947564658460882]
Female>>FOREIGN_TOURIST>>(46, 200): [29, 5, 0.79191467914995295, 0.709609396334003]
Female>>FOREIGN_TOURIST: [1820, 207, 0.80045929156090823, 0.32605329803882055]
Female>>LOCAL_TOURIST>>(16, 30): [1456, 121, 0.48120656394124983, 0.37881605136345714]
Female>>LOCAL_TOURIST>>(31, 45): [1137, 40, 0.72716513235401503, 0.43789887561225205]
Female>>LOCAL_TOURIST>>(46, 200): [130, 13, 0.68569258199197203, 0.60844234219810089]
Female>>LOCAL_TOURIST: [3022, 203, 0.51339972744468465, 0.36557116071447893]
Female>>RESIDENT>>(16, 30): [1323, 63, 0.7180459885791689, 0.36769982193052203]
Female>>RESIDENT>>(31, 45): [1201, 40, 0.76942344733891299, 0.40833170596754215]
Female>>RESIDENT>>(46, 200): [163, 6, 0.7667768523849352, 0.55308694321482132]
Female>>RESIDENT: [3434, 129, 0.69590036585217552, 0.33790957405875477]
Female: [8276, 539, 0.61632783487808063, 0.3105222445428461]
Male>>(16, 30)>>FOREIGN_TOURIST: [1218, 122, 0.81196934312398839, 0.30139387891199815]
Male>>(16, 30)>>LOCAL_TOURIST: [2186, 111, 0.62824014900363367, 0.34466021374757971]
Male>>(16, 30)>>RESIDENT: [1223, 59, 0.74349917352329764, 0.2617473402574228]
Male>>(16, 30): [4627, 292, 0.64460611867413264, 0.23654493516796238]
Male>>(31, 45)>>FOREIGN_TOURIST: [947, 108, 0.74224627698976076, 0.35402322927211299]
Male>>(31, 45)>>LOCAL_TOURIST: [1341, 122, 0.49643178817363237, 0.37150625486546196]
Male>>(31, 45)>>RESIDENT: [1719, 66, 0.76448356569725662, 0.32172314076557468]
Male>>(31, 45): [4007, 296, 0.63364384390384876, 0.31688278096915812]
Male>>(46, 200)>>FOREIGN_TOURIST: [158, 23, 0.80078370834348922, 0.47963920892759837]
Male>>(46, 200)>>LOCAL_TOURIST: [569, 52, 0.57297600580340569, 0.43085644577751331]
Male>>(46, 200)>>RESIDENT: [830, 28, 0.77834715456304826, 0.43487090395665101]
Male>>(46, 200): [1557, 103, 0.67691199731985596, 0.372418773010672]
Male: [10687, 742, 0.62702790506888051, 0.27147045368269035]
Female>>(16, 30)>>FOREIGN_TOURIST: [885, 123, 0.80105962827956256, 0.37117044009973194]
Female>>(16, 30)>>LOCAL_TOURIST: [1456, 121, 0.48120656394124983, 0.37881605136345714]
Female>>(16, 30)>>RESIDENT: [1323, 63, 0.7180459885791689, 0.36769982193052203]
Female>>(16, 30): [3664, 307, 0.60538332619316237, 0.32432202317366676]
Female>>(31, 45)>>FOREIGN_TOURIST: [301, 36, 0.75211406185791185, 0.45947564658460882]
Female>>(31, 45)>>LOCAL_TOURIST: [1137, 40, 0.72716513235401503, 0.43789887561225205]
Female>>(31, 45)>>RESIDENT: [1201, 40, 0.76942344733891299, 0.40833170596754215]
Female>>(31, 45): [2639, 116, 0.6578438291735037, 0.36666383747286602]
Female>>(46, 200)>>FOREIGN_TOURIST: [29, 5, 0.79191467914995295, 0.709609396334003]
Female>>(46, 200)>>LOCAL_TOURIST: [130, 13, 0.68569258199197203, 0.60844234219810089]
Female>>(46, 200)>>RESIDENT: [163, 6, 0.7667768523849352, 0.55308694321482132]
Female>>(46, 200): [322, 24, 0.70793906967622378, 0.46202766437603671]
Female: [8276, 539, 0.61632783487808063, 0.3105222445428461]
(16, 30)>>FOREIGN_TOURIST>>Male: [1218, 122, 0.81196934312398839, 0.30139387891199815]
(16, 30)>>FOREIGN_TOURIST>>Female: [885, 123, 0.80105962827956256, 0.37117044009973194]
(16, 30)>>FOREIGN_TOURIST: [2103, 245, 0.80488218964081482, 0.29078704084998036]
(16, 30)>>LOCAL_TOURIST>>Male: [2186, 111, 0.62824014900363367, 0.34466021374757971]
(16, 30)>>LOCAL_TOURIST>>Female: [1456, 121, 0.48120656394124983, 0.37881605136345714]
(16, 30)>>LOCAL_TOURIST: [3642, 232, 0.52931259432675892, 0.32064501252797867]
(16, 30)>>RESIDENT>>Male: [1223, 59, 0.74349917352329764, 0.2617473402574228]
(16, 30)>>RESIDENT>>Female: [1323, 63, 0.7180459885791689, 0.36769982193052203]
(16, 30)>>RESIDENT: [2546, 122, 0.72545665284974348, 0.26886684891341545]
(16, 30): [8291, 599, 0.61078859111513673, 0.25770247894609855]
(31, 45)>>FOREIGN_TOURIST>>Male: [947, 108, 0.74224627698976076, 0.35402322927211299]
(31, 45)>>FOREIGN_TOURIST>>Female: [301, 36, 0.75211406185791185, 0.45947564658460882]
(31, 45)>>FOREIGN_TOURIST: [1248, 144, 0.73766157571092317, 0.34615511430184853]
(31, 45)>>LOCAL_TOURIST>>Male: [1341, 122, 0.49643178817363237, 0.37150625486546196]
(31, 45)>>LOCAL_TOURIST>>Female: [1137, 40, 0.72716513235401503, 0.43789887561225205]
(31, 45)>>LOCAL_TOURIST: [2478, 162, 0.49182271975865094, 0.34915476554808689]
(31, 45)>>RESIDENT>>Male: [1719, 66, 0.76448356569725662, 0.32172314076557468]
(31, 45)>>RESIDENT>>Female: [1201, 40, 0.76942344733891299, 0.40833170596754215]
(31, 45)>>RESIDENT: [2920, 106, 0.74653996609720152, 0.33613115001086941]
(31, 45): [6646, 412, 0.61226337847233281, 0.3231075152850289]
(46, 200)>>FOREIGN_TOURIST>>Male: [158, 23, 0.80078370834348922, 0.47963920892759837]
(46, 200)>>FOREIGN_TOURIST>>Female: [29, 5, 0.79191467914995295, 0.709609396334003]
(46, 200)>>FOREIGN_TOURIST: [187, 28, 0.79223873194326355, 0.43689278094347306]
(46, 200)>>LOCAL_TOURIST>>Male: [569, 52, 0.57297600580340569, 0.43085644577751331]
(46, 200)>>LOCAL_TOURIST>>Female: [130, 13, 0.68569258199197203, 0.60844234219810089]
(46, 200)>>LOCAL_TOURIST: [699, 65, 0.58487518820995599, 0.41717986076200392]
(46, 200)>>RESIDENT>>Male: [830, 28, 0.77834715456304826, 0.43487090395665101]
(46, 200)>>RESIDENT>>Female: [163, 6, 0.7667768523849352, 0.55308694321482132]
(46, 200)>>RESIDENT: [993, 34, 0.76995207098299301, 0.41064789361312776]
(46, 200): [1879, 127, 0.67776741521448569, 0.35409445031733455]
(16, 30)>>Male>>FOREIGN_TOURIST: [1218, 122, 0.81196934312398839, 0.30139387891199815]
(16, 30)>>Male>>LOCAL_TOURIST: [2186, 111, 0.62824014900363367, 0.34466021374757971]
(16, 30)>>Male>>RESIDENT: [1223, 59, 0.74349917352329764, 0.2617473402574228]
(16, 30)>>Male: [4627, 292, 0.64460611867413264, 0.23654493516796238]
(16, 30)>>Female>>FOREIGN_TOURIST: [885, 123, 0.80105962827956256, 0.37117044009973194]
(16, 30)>>Female>>LOCAL_TOURIST: [1456, 121, 0.48120656394124983, 0.37881605136345714]
(16, 30)>>Female>>RESIDENT: [1323, 63, 0.7180459885791689, 0.36769982193052203]
(16, 30)>>Female: [3664, 307, 0.60538332619316237, 0.32432202317366676]
(16, 30): [8291, 599, 0.61078859111513673, 0.25770247894609855]
(31, 45)>>Male>>FOREIGN_TOURIST: [947, 108, 0.74224627698976076, 0.35402322927211299]
(31, 45)>>Male>>LOCAL_TOURIST: [1341, 122, 0.49643178817363237, 0.37150625486546196]
(31, 45)>>Male>>RESIDENT: [1719, 66, 0.76448356569725662, 0.32172314076557468]
(31, 45)>>Male: [4007, 296, 0.63364384390384876, 0.31688278096915812]
(31, 45)>>Female>>FOREIGN_TOURIST: [301, 36, 0.75211406185791185, 0.45947564658460882]
(31, 45)>>Female>>LOCAL_TOURIST: [1137, 40, 0.72716513235401503, 0.43789887561225205]
(31, 45)>>Female>>RESIDENT: [1201, 40, 0.76942344733891299, 0.40833170596754215]
(31, 45)>>Female: [2639, 116, 0.6578438291735037, 0.36666383747286602]
(31, 45): [6646, 412, 0.61226337847233281, 0.3231075152850289]
(46, 200)>>Male>>FOREIGN_TOURIST: [158, 23, 0.80078370834348922, 0.47963920892759837]
(46, 200)>>Male>>LOCAL_TOURIST: [569, 52, 0.57297600580340569, 0.43085644577751331]
(46, 200)>>Male>>RESIDENT: [830, 28, 0.77834715456304826, 0.43487090395665101]
(46, 200)>>Male: [1557, 103, 0.67691199731985596, 0.372418773010672]
(46, 200)>>Female>>FOREIGN_TOURIST: [29, 5, 0.79191467914995295, 0.709609396334003]
(46, 200)>>Female>>LOCAL_TOURIST: [130, 13, 0.68569258199197203, 0.60844234219810089]
(46, 200)>>Female>>RESIDENT: [163, 6, 0.7667768523849352, 0.55308694321482132]
(46, 200)>>Female: [322, 24, 0.70793906967622378, 0.46202766437603671]
(46, 200): [1879, 127, 0.67776741521448569, 0.35409445031733455]
Results of: London
FOREIGN_TOURIST>>Male>>(16, 30): [5125, 422, 0.62322816254150992, 0.28606928393497699]
FOREIGN_TOURIST>>Male>>(31, 45): [5176, 422, 0.63383830884895642, 0.28992033760826613]
FOREIGN_TOURIST>>Male>>(46, 200): [1333, 105, 0.65296842341692241, 0.36170725366355527]
FOREIGN_TOURIST>>Male: [12388, 1022, 0.61567593338109083, 0.27892094210768903]
FOREIGN_TOURIST>>Female>>(16, 30): [5165, 478, 0.57263611995301056, 0.30370496433907673]
FOREIGN_TOURIST>>Female>>(31, 45): [1575, 146, 0.6063830439613952, 0.36876565449714938]
FOREIGN_TOURIST>>Female>>(46, 200): [201, 26, 0.65151609771315633, 0.54926743484714446]
FOREIGN_TOURIST>>Female: [9438, 793, 0.5772228742959169, 0.30442724997823617]
FOREIGN_TOURIST: [36046, 2904, 0.5879532389134553, 0.28528201198313186]
LOCAL_TOURIST>>Male>>(16, 30): [1836, 179, 0.57027115689125185, 0.36230392496006603]
LOCAL_TOURIST>>Male>>(31, 45): [1978, 122, 0.5360319935850526, 0.3494162723461014]
LOCAL_TOURIST>>Male>>(46, 200): [393, 31, 0.66950003892052734, 0.58001849889266388]
LOCAL_TOURIST>>Male: [4541, 364, 0.535933573825495, 0.32930747358159906]
LOCAL_TOURIST>>Female>>(16, 30): [1527, 153, 0.58165826403048893, 0.38208301298802161]
LOCAL_TOURIST>>Female>>(31, 45): [457, 39, 0.59634475645450324, 0.50289323347334303]
LOCAL_TOURIST>>Female>>(46, 200): [59, 9, 0.66692401690479641, 0.71320918292793078]
LOCAL_TOURIST>>Female: [2528, 261, 0.55330565114375074, 0.38351832827135668]
LOCAL_TOURIST: [11046, 972, 0.52291902138259061, 0.3354595083971742]
RESIDENT>>Male>>(16, 30): [25910, 784, 0.40548519094321456, 0.30051948629455566]
RESIDENT>>Male>>(31, 45): [21783, 689, 0.47703373630722162, 0.28790568704198805]
RESIDENT>>Male>>(46, 200): [5025, 156, 0.43103120850667176, 0.34410813200789564]
RESIDENT>>Male: [56879, 1744, 0.41880290220664568, 0.29139253410820176]
RESIDENT>>Female>>(16, 30): [24400, 839, 0.40321280658530001, 0.3020436607870795]
RESIDENT>>Female>>(31, 45): [7403, 266, 0.49848479587315048, 0.29097464966959435]
RESIDENT>>Female>>(46, 200): [1505, 47, 0.59694304384528107, 0.41199035188763022]
RESIDENT>>Female: [42250, 1432, 0.37411742635167355, 0.29107385014996312]
RESIDENT: [166161, 5278, 0.39863359336849369, 0.29116700524376343]
FOREIGN_TOURIST>>(16, 30)>>Male: [5125, 422, 0.62322816254150992, 0.28606928393497699]
FOREIGN_TOURIST>>(16, 30)>>Female: [5165, 478, 0.57263611995301056, 0.30370496433907673]
FOREIGN_TOURIST>>(16, 30): [10290, 900, 0.59089339521683315, 0.28342317294496255]
FOREIGN_TOURIST>>(31, 45)>>Male: [5176, 422, 0.63383830884895642, 0.28992033760826613]
FOREIGN_TOURIST>>(31, 45)>>Female: [1575, 146, 0.6063830439613952, 0.36876565449714938]
FOREIGN_TOURIST>>(31, 45): [6751, 568, 0.6173292869789766, 0.30082719368379557]
FOREIGN_TOURIST>>(46, 200)>>Male: [1333, 105, 0.65296842341692241, 0.36170725366355527]
FOREIGN_TOURIST>>(46, 200)>>Female: [201, 26, 0.65151609771315633, 0.54926743484714446]
FOREIGN_TOURIST>>(46, 200): [1534, 131, 0.63702082208782662, 0.35504062029544725]
FOREIGN_TOURIST: [36046, 2904, 0.5879532389134553, 0.28528201198313186]
LOCAL_TOURIST>>(16, 30)>>Male: [1836, 179, 0.57027115689125185, 0.36230392496006603]
LOCAL_TOURIST>>(16, 30)>>Female: [1527, 153, 0.58165826403048893, 0.38208301298802161]
LOCAL_TOURIST>>(16, 30): [3363, 332, 0.56258523257119408, 0.34628880022981917]
LOCAL_TOURIST>>(31, 45)>>Male: [1978, 122, 0.5360319935850526, 0.3494162723461014]
LOCAL_TOURIST>>(31, 45)>>Female: [457, 39, 0.59634475645450324, 0.50289323347334303]
LOCAL_TOURIST>>(31, 45): [2435, 161, 0.53435235528563074, 0.35347622743405566]
LOCAL_TOURIST>>(46, 200)>>Male: [393, 31, 0.66950003892052734, 0.58001849889266388]
LOCAL_TOURIST>>(46, 200)>>Female: [59, 9, 0.66692401690479641, 0.71320918292793078]
LOCAL_TOURIST>>(46, 200): [452, 40, 0.63153749667560999, 0.55975351652099148]
LOCAL_TOURIST: [11046, 972, 0.52291902138259061, 0.3354595083971742]
RESIDENT>>(16, 30)>>Male: [25910, 784, 0.40548519094321456, 0.30051948629455566]
RESIDENT>>(16, 30)>>Female: [24400, 839, 0.40321280658530001, 0.3020436607870795]
RESIDENT>>(16, 30): [50310, 1623, 0.39357621417750283, 0.29765100362732982]
RESIDENT>>(31, 45)>>Male: [21783, 689, 0.47703373630722162, 0.28790568704198805]
RESIDENT>>(31, 45)>>Female: [7403, 266, 0.49848479587315048, 0.29097464966959435]
RESIDENT>>(31, 45): [29186, 955, 0.47032608789854635, 0.28463661812269747]
RESIDENT>>(46, 200)>>Male: [5025, 156, 0.43103120850667176, 0.34410813200789564]
RESIDENT>>(46, 200)>>Female: [1505, 47, 0.59694304384528107, 0.41199035188763022]
RESIDENT>>(46, 200): [6530, 203, 0.43861583532040904, 0.33171035275062721]
RESIDENT: [166161, 5278, 0.39863359336849369, 0.29116700524376343]
Male>>FOREIGN_TOURIST>>(16, 30): [5125, 422, 0.62322816254150992, 0.28606928393497699]
Male>>FOREIGN_TOURIST>>(31, 45): [5176, 422, 0.63383830884895642, 0.28992033760826613]
Male>>FOREIGN_TOURIST>>(46, 200): [1333, 105, 0.65296842341692241, 0.36170725366355527]
Male>>FOREIGN_TOURIST: [12388, 1022, 0.61567593338109083, 0.27892094210768903]
Male>>LOCAL_TOURIST>>(16, 30): [1836, 179, 0.57027115689125185, 0.36230392496006603]
Male>>LOCAL_TOURIST>>(31, 45): [1978, 122, 0.5360319935850526, 0.3494162723461014]
Male>>LOCAL_TOURIST>>(46, 200): [393, 31, 0.66950003892052734, 0.58001849889266388]
Male>>LOCAL_TOURIST: [4541, 364, 0.535933573825495, 0.32930747358159906]
Male>>RESIDENT>>(16, 30): [25910, 784, 0.40548519094321456, 0.30051948629455566]
Male>>RESIDENT>>(31, 45): [21783, 689, 0.47703373630722162, 0.28790568704198805]
Male>>RESIDENT>>(46, 200): [5025, 156, 0.43103120850667176, 0.34410813200789564]
Male>>RESIDENT: [56879, 1744, 0.41880290220664568, 0.29139253410820176]
Male: [73808, 3130, 0.45075690281935621, 0.28451301614123609]
Female>>FOREIGN_TOURIST>>(16, 30): [5165, 478, 0.57263611995301056, 0.30370496433907673]
Female>>FOREIGN_TOURIST>>(31, 45): [1575, 146, 0.6063830439613952, 0.36876565449714938]
Female>>FOREIGN_TOURIST>>(46, 200): [201, 26, 0.65151609771315633, 0.54926743484714446]
Female>>FOREIGN_TOURIST: [9438, 793, 0.5772228742959169, 0.30442724997823617]
Female>>LOCAL_TOURIST>>(16, 30): [1527, 153, 0.58165826403048893, 0.38208301298802161]
Female>>LOCAL_TOURIST>>(31, 45): [457, 39, 0.59634475645450324, 0.50289323347334303]
Female>>LOCAL_TOURIST>>(46, 200): [59, 9, 0.66692401690479641, 0.71320918292793078]
Female>>LOCAL_TOURIST: [2528, 261, 0.55330565114375074, 0.38351832827135668]
Female>>RESIDENT>>(16, 30): [24400, 839, 0.40321280658530001, 0.3020436607870795]
Female>>RESIDENT>>(31, 45): [7403, 266, 0.49848479587315048, 0.29097464966959435]
Female>>RESIDENT>>(46, 200): [1505, 47, 0.59694304384528107, 0.41199035188763022]
Female>>RESIDENT: [42250, 1432, 0.37411742635167355, 0.29107385014996312]
Female: [54216, 2486, 0.41289958625132217, 0.28878814375463746]
Male>>(16, 30)>>FOREIGN_TOURIST: [5125, 422, 0.62322816254150992, 0.28606928393497699]
Male>>(16, 30)>>LOCAL_TOURIST: [1836, 179, 0.57027115689125185, 0.36230392496006603]
Male>>(16, 30)>>RESIDENT: [25910, 784, 0.40548519094321456, 0.30051948629455566]
Male>>(16, 30): [32871, 1385, 0.44247142607722606, 0.29274859622357158]
Male>>(31, 45)>>FOREIGN_TOURIST: [5176, 422, 0.63383830884895642, 0.28992033760826613]
Male>>(31, 45)>>LOCAL_TOURIST: [1978, 122, 0.5360319935850526, 0.3494162723461014]
Male>>(31, 45)>>RESIDENT: [21783, 689, 0.47703373630722162, 0.28790568704198805]
Male>>(31, 45): [28937, 1233, 0.49530763843703701, 0.2789744432150425]
Male>>(46, 200)>>FOREIGN_TOURIST: [1333, 105, 0.65296842341692241, 0.36170725366355527]
Male>>(46, 200)>>LOCAL_TOURIST: [393, 31, 0.66950003892052734, 0.58001849889266388]
Male>>(46, 200)>>RESIDENT: [5025, 156, 0.43103120850667176, 0.34410813200789564]
Male>>(46, 200): [6751, 292, 0.44147738011551901, 0.32744690150420963]
Male: [73808, 3130, 0.45075690281935621, 0.28451301614123609]
Female>>(16, 30)>>FOREIGN_TOURIST: [5165, 478, 0.57263611995301056, 0.30370496433907673]
Female>>(16, 30)>>LOCAL_TOURIST: [1527, 153, 0.58165826403048893, 0.38208301298802161]
Female>>(16, 30)>>RESIDENT: [24400, 839, 0.40321280658530001, 0.3020436607870795]
Female>>(16, 30): [31092, 1470, 0.43471595459410067, 0.29663498877357386]
Female>>(31, 45)>>FOREIGN_TOURIST: [1575, 146, 0.6063830439613952, 0.36876565449714938]
Female>>(31, 45)>>LOCAL_TOURIST: [457, 39, 0.59634475645450324, 0.50289323347334303]
Female>>(31, 45)>>RESIDENT: [7403, 266, 0.49848479587315048, 0.29097464966959435]
Female>>(31, 45): [9435, 451, 0.5007657523703597, 0.29284490953149828]
Female>>(46, 200)>>FOREIGN_TOURIST: [201, 26, 0.65151609771315633, 0.54926743484714446]
Female>>(46, 200)>>LOCAL_TOURIST: [59, 9, 0.66692401690479641, 0.71320918292793078]
Female>>(46, 200)>>RESIDENT: [1505, 47, 0.59694304384528107, 0.41199035188763022]
Female>>(46, 200): [1765, 82, 0.57274278779362076, 0.40182252061198187]
Female: [54216, 2486, 0.41289958625132217, 0.28878814375463746]
(16, 30)>>FOREIGN_TOURIST>>Male: [5125, 422, 0.62322816254150992, 0.28606928393497699]
(16, 30)>>FOREIGN_TOURIST>>Female: [5165, 478, 0.57263611995301056, 0.30370496433907673]
(16, 30)>>FOREIGN_TOURIST: [10290, 900, 0.59089339521683315, 0.28342317294496255]
(16, 30)>>LOCAL_TOURIST>>Male: [1836, 179, 0.57027115689125185, 0.36230392496006603]
(16, 30)>>LOCAL_TOURIST>>Female: [1527, 153, 0.58165826403048893, 0.38208301298802161]
(16, 30)>>LOCAL_TOURIST: [3363, 332, 0.56258523257119408, 0.34628880022981917]
(16, 30)>>RESIDENT>>Male: [25910, 784, 0.40548519094321456, 0.30051948629455566]
(16, 30)>>RESIDENT>>Female: [24400, 839, 0.40321280658530001, 0.3020436607870795]
(16, 30)>>RESIDENT: [50310, 1623, 0.39357621417750283, 0.29765100362732982]
(16, 30): [63963, 2855, 0.43142169660383778, 0.29165461171580004]
(31, 45)>>FOREIGN_TOURIST>>Male: [5176, 422, 0.63383830884895642, 0.28992033760826613]
(31, 45)>>FOREIGN_TOURIST>>Female: [1575, 146, 0.6063830439613952, 0.36876565449714938]
(31, 45)>>FOREIGN_TOURIST: [6751, 568, 0.6173292869789766, 0.30082719368379557]
(31, 45)>>LOCAL_TOURIST>>Male: [1978, 122, 0.5360319935850526, 0.3494162723461014]
(31, 45)>>LOCAL_TOURIST>>Female: [457, 39, 0.59634475645450324, 0.50289323347334303]
(31, 45)>>LOCAL_TOURIST: [2435, 161, 0.53435235528563074, 0.35347622743405566]
(31, 45)>>RESIDENT>>Male: [21783, 689, 0.47703373630722162, 0.28790568704198805]
(31, 45)>>RESIDENT>>Female: [7403, 266, 0.49848479587315048, 0.29097464966959435]
(31, 45)>>RESIDENT: [29186, 955, 0.47032608789854635, 0.28463661812269747]
(31, 45): [38372, 1684, 0.48916021331332665, 0.27958046902875439]
(46, 200)>>FOREIGN_TOURIST>>Male: [1333, 105, 0.65296842341692241, 0.36170725366355527]
(46, 200)>>FOREIGN_TOURIST>>Female: [201, 26, 0.65151609771315633, 0.54926743484714446]
(46, 200)>>FOREIGN_TOURIST: [1534, 131, 0.63702082208782662, 0.35504062029544725]
(46, 200)>>LOCAL_TOURIST>>Male: [393, 31, 0.66950003892052734, 0.58001849889266388]
(46, 200)>>LOCAL_TOURIST>>Female: [59, 9, 0.66692401690479641, 0.71320918292793078]
(46, 200)>>LOCAL_TOURIST: [452, 40, 0.63153749667560999, 0.55975351652099148]
(46, 200)>>RESIDENT>>Male: [5025, 156, 0.43103120850667176, 0.34410813200789564]
(46, 200)>>RESIDENT>>Female: [1505, 47, 0.59694304384528107, 0.41199035188763022]
(46, 200)>>RESIDENT: [6530, 203, 0.43861583532040904, 0.33171035275062721]
(46, 200): [8516, 374, 0.44681282768661518, 0.32076896877640448]
(16, 30)>>Male>>FOREIGN_TOURIST: [5125, 422, 0.62322816254150992, 0.28606928393497699]
(16, 30)>>Male>>LOCAL_TOURIST: [1836, 179, 0.57027115689125185, 0.36230392496006603]
(16, 30)>>Male>>RESIDENT: [25910, 784, 0.40548519094321456, 0.30051948629455566]
(16, 30)>>Male: [32871, 1385, 0.44247142607722606, 0.29274859622357158]
(16, 30)>>Female>>FOREIGN_TOURIST: [5165, 478, 0.57263611995301056, 0.30370496433907673]
(16, 30)>>Female>>LOCAL_TOURIST: [1527, 153, 0.58165826403048893, 0.38208301298802161]
(16, 30)>>Female>>RESIDENT: [24400, 839, 0.40321280658530001, 0.3020436607870795]
(16, 30)>>Female: [31092, 1470, 0.43471595459410067, 0.29663498877357386]
(16, 30): [63963, 2855, 0.43142169660383778, 0.29165461171580004]
(31, 45)>>Male>>FOREIGN_TOURIST: [5176, 422, 0.63383830884895642, 0.28992033760826613]
(31, 45)>>Male>>LOCAL_TOURIST: [1978, 122, 0.5360319935850526, 0.3494162723461014]
(31, 45)>>Male>>RESIDENT: [21783, 689, 0.47703373630722162, 0.28790568704198805]
(31, 45)>>Male: [28937, 1233, 0.49530763843703701, 0.2789744432150425]
(31, 45)>>Female>>FOREIGN_TOURIST: [1575, 146, 0.6063830439613952, 0.36876565449714938]
(31, 45)>>Female>>LOCAL_TOURIST: [457, 39, 0.59634475645450324, 0.50289323347334303]
(31, 45)>>Female>>RESIDENT: [7403, 266, 0.49848479587315048, 0.29097464966959435]
(31, 45)>>Female: [9435, 451, 0.5007657523703597, 0.29284490953149828]
(31, 45): [38372, 1684, 0.48916021331332665, 0.27958046902875439]
(46, 200)>>Male>>FOREIGN_TOURIST: [1333, 105, 0.65296842341692241, 0.36170725366355527]
(46, 200)>>Male>>LOCAL_TOURIST: [393, 31, 0.66950003892052734, 0.58001849889266388]
(46, 200)>>Male>>RESIDENT: [5025, 156, 0.43103120850667176, 0.34410813200789564]
(46, 200)>>Male: [6751, 292, 0.44147738011551901, 0.32744690150420963]
(46, 200)>>Female>>FOREIGN_TOURIST: [201, 26, 0.65151609771315633, 0.54926743484714446]
(46, 200)>>Female>>LOCAL_TOURIST: [59, 9, 0.66692401690479641, 0.71320918292793078]
(46, 200)>>Female>>RESIDENT: [1505, 47, 0.59694304384528107, 0.41199035188763022]
(46, 200)>>Female: [1765, 82, 0.57274278779362076, 0.40182252061198187]
(46, 200): [8516, 374, 0.44681282768661518, 0.32076896877640448]
Results of: Paris
FOREIGN_TOURIST>>Male>>(16, 30): [2617, 162, 0.41259659231700796, 0.36288869181471189]
FOREIGN_TOURIST>>Male>>(31, 45): [1276, 109, 0.51484026164965935, 0.30201086793111132]
FOREIGN_TOURIST>>Male>>(46, 200): [291, 21, 0.46335287155774113, 0.42731876535207403]
FOREIGN_TOURIST>>Male: [4509, 315, 0.44016010019302809, 0.32702454662724378]
FOREIGN_TOURIST>>Female>>(16, 30): [3036, 190, 0.51100750846942877, 0.33325948728515853]
FOREIGN_TOURIST>>Female>>(31, 45): [758, 49, 0.50598320917229933, 0.36434762580580149]
FOREIGN_TOURIST>>Female>>(46, 200): [124, 7, 0.6501556794947434, 0.68069089609787536]
FOREIGN_TOURIST>>Female: [4637, 305, 0.51032132976687417, 0.32317950479502172]
FOREIGN_TOURIST: [17423, 1108, 0.46542476646066744, 0.29445963511551854]
LOCAL_TOURIST>>Male>>(16, 30): [4421, 226, 0.30956412360049002, 0.32167723428781969]
LOCAL_TOURIST>>Male>>(31, 45): [1321, 76, 0.26442725363072356, 0.40999136128804586]
LOCAL_TOURIST>>Male>>(46, 200): [297, 16, 0.57419499140520214, 0.5140562213423725]
LOCAL_TOURIST>>Male: [8391, 389, 0.27372521912379372, 0.31805192005406058]
LOCAL_TOURIST>>Female>>(16, 30): [4663, 226, 0.29163478351348188, 0.33108769932416948]
LOCAL_TOURIST>>Female>>(31, 45): [939, 37, 0.49904761144939724, 0.33422820134256881]
LOCAL_TOURIST>>Female>>(46, 200): [229, 7, 0.67855664428718854, 0.47546735370422794]
LOCAL_TOURIST>>Female: [8696, 412, 0.25855454523912796, 0.29592724013608757]
LOCAL_TOURIST: [33213, 1482, 0.24221186869664449, 0.28274446069756382]
RESIDENT>>Male>>(16, 30): [33156, 407, 0.27284114884510258, 0.38203733793497818]
RESIDENT>>Male>>(31, 45): [12933, 172, 0.26931465548599703, 0.36827344617626318]
RESIDENT>>Male>>(46, 200): [2138, 38, 0.4415885258338601, 0.35136361374111574]
RESIDENT>>Male: [55903, 728, 0.24852477768962103, 0.36882774529000323]
RESIDENT>>Female>>(16, 30): [35112, 429, 0.26025922286463699, 0.29222440056328336]
RESIDENT>>Female>>(31, 45): [5474, 95, 0.28785090667128954, 0.38080224455374273]
RESIDENT>>Female>>(46, 200): [762, 14, 0.49334769009744839, 0.45654176938616348]
RESIDENT>>Female: [63787, 793, 0.21574023336511147, 0.31687730172072831]
RESIDENT: [264429, 3038, 0.23363194438770449, 0.33486498575646151]
FOREIGN_TOURIST>>(16, 30)>>Male: [2617, 162, 0.41259659231700796, 0.36288869181471189]
FOREIGN_TOURIST>>(16, 30)>>Female: [3036, 190, 0.51100750846942877, 0.33325948728515853]
FOREIGN_TOURIST>>(16, 30): [5653, 352, 0.45633950053749978, 0.3319102348613987]
FOREIGN_TOURIST>>(31, 45)>>Male: [1276, 109, 0.51484026164965935, 0.30201086793111132]
FOREIGN_TOURIST>>(31, 45)>>Female: [758, 49, 0.50598320917229933, 0.36434762580580149]
FOREIGN_TOURIST>>(31, 45): [2034, 158, 0.50621333328572227, 0.29324855896649582]
FOREIGN_TOURIST>>(46, 200)>>Male: [291, 21, 0.46335287155774113, 0.42731876535207403]
FOREIGN_TOURIST>>(46, 200)>>Female: [124, 7, 0.6501556794947434, 0.68069089609787536]
FOREIGN_TOURIST>>(46, 200): [415, 28, 0.50610711113372664, 0.43516234545240434]
FOREIGN_TOURIST: [17423, 1108, 0.46542476646066744, 0.29445963511551854]
LOCAL_TOURIST>>(16, 30)>>Male: [4421, 226, 0.30956412360049002, 0.32167723428781969]
LOCAL_TOURIST>>(16, 30)>>Female: [4663, 226, 0.29163478351348188, 0.33108769932416948]
LOCAL_TOURIST>>(16, 30): [9084, 452, 0.27291458457138618, 0.31248249519002996]
LOCAL_TOURIST>>(31, 45)>>Male: [1321, 76, 0.26442725363072356, 0.40999136128804586]
LOCAL_TOURIST>>(31, 45)>>Female: [939, 37, 0.49904761144939724, 0.33422820134256881]
LOCAL_TOURIST>>(31, 45): [2260, 113, 0.32583263220184333, 0.32510341674347015]
LOCAL_TOURIST>>(46, 200)>>Male: [297, 16, 0.57419499140520214, 0.5140562213423725]
LOCAL_TOURIST>>(46, 200)>>Female: [229, 7, 0.67855664428718854, 0.47546735370422794]
LOCAL_TOURIST>>(46, 200): [526, 23, 0.56501944777137725, 0.41424264981136916]
LOCAL_TOURIST: [33213, 1482, 0.24221186869664449, 0.28274446069756382]
RESIDENT>>(16, 30)>>Male: [33156, 407, 0.27284114884510258, 0.38203733793497818]
RESIDENT>>(16, 30)>>Female: [35112, 429, 0.26025922286463699, 0.29222440056328336]
RESIDENT>>(16, 30): [68268, 836, 0.25499370026403967, 0.33405954356853201]
RESIDENT>>(31, 45)>>Male: [12933, 172, 0.26931465548599703, 0.36827344617626318]
RESIDENT>>(31, 45)>>Female: [5474, 95, 0.28785090667128954, 0.38080224455374273]
RESIDENT>>(31, 45): [18407, 267, 0.23325869653877007, 0.36265294113894342]
RESIDENT>>(46, 200)>>Male: [2138, 38, 0.4415885258338601, 0.35136361374111574]
RESIDENT>>(46, 200)>>Female: [762, 14, 0.49334769009744839, 0.45654176938616348]
RESIDENT>>(46, 200): [2900, 52, 0.33836979836335773, 0.3535693428184345]
RESIDENT: [264429, 3038, 0.23363194438770449, 0.33486498575646151]
Male>>FOREIGN_TOURIST>>(16, 30): [2617, 162, 0.41259659231700796, 0.36288869181471189]
Male>>FOREIGN_TOURIST>>(31, 45): [1276, 109, 0.51484026164965935, 0.30201086793111132]
Male>>FOREIGN_TOURIST>>(46, 200): [291, 21, 0.46335287155774113, 0.42731876535207403]
Male>>FOREIGN_TOURIST: [4509, 315, 0.44016010019302809, 0.32702454662724378]
Male>>LOCAL_TOURIST>>(16, 30): [4421, 226, 0.30956412360049002, 0.32167723428781969]
Male>>LOCAL_TOURIST>>(31, 45): [1321, 76, 0.26442725363072356, 0.40999136128804586]
Male>>LOCAL_TOURIST>>(46, 200): [297, 16, 0.57419499140520214, 0.5140562213423725]
Male>>LOCAL_TOURIST: [8391, 389, 0.27372521912379372, 0.31805192005406058]
Male>>RESIDENT>>(16, 30): [33156, 407, 0.27284114884510258, 0.38203733793497818]
Male>>RESIDENT>>(31, 45): [12933, 172, 0.26931465548599703, 0.36827344617626318]
Male>>RESIDENT>>(46, 200): [2138, 38, 0.4415885258338601, 0.35136361374111574]
Male>>RESIDENT: [55903, 728, 0.24852477768962103, 0.36882774529000323]
Male: [68803, 1432, 0.21715423924626451, 0.3517660368107674]
Female>>FOREIGN_TOURIST>>(16, 30): [3036, 190, 0.51100750846942877, 0.33325948728515853]
Female>>FOREIGN_TOURIST>>(31, 45): [758, 49, 0.50598320917229933, 0.36434762580580149]
Female>>FOREIGN_TOURIST>>(46, 200): [124, 7, 0.6501556794947434, 0.68069089609787536]
Female>>FOREIGN_TOURIST: [4637, 305, 0.51032132976687417, 0.32317950479502172]
Female>>LOCAL_TOURIST>>(16, 30): [4663, 226, 0.29163478351348188, 0.33108769932416948]
Female>>LOCAL_TOURIST>>(31, 45): [939, 37, 0.49904761144939724, 0.33422820134256881]
Female>>LOCAL_TOURIST>>(46, 200): [229, 7, 0.67855664428718854, 0.47546735370422794]
Female>>LOCAL_TOURIST: [8696, 412, 0.25855454523912796, 0.29592724013608757]
Female>>RESIDENT>>(16, 30): [35112, 429, 0.26025922286463699, 0.29222440056328336]
Female>>RESIDENT>>(31, 45): [5474, 95, 0.28785090667128954, 0.38080224455374273]
Female>>RESIDENT>>(46, 200): [762, 14, 0.49334769009744839, 0.45654176938616348]
Female>>RESIDENT: [63787, 793, 0.21574023336511147, 0.31687730172072831]
Female: [77120, 1510, 0.19786426548792477, 0.30582313463907568]
Male>>(16, 30)>>FOREIGN_TOURIST: [2617, 162, 0.41259659231700796, 0.36288869181471189]
Male>>(16, 30)>>LOCAL_TOURIST: [4421, 226, 0.30956412360049002, 0.32167723428781969]
Male>>(16, 30)>>RESIDENT: [33156, 407, 0.27284114884510258, 0.38203733793497818]
Male>>(16, 30): [40194, 795, 0.23940401040588966, 0.36374592071277151]
Male>>(31, 45)>>FOREIGN_TOURIST: [1276, 109, 0.51484026164965935, 0.30201086793111132]
Male>>(31, 45)>>LOCAL_TOURIST: [1321, 76, 0.26442725363072356, 0.40999136128804586]
Male>>(31, 45)>>RESIDENT: [12933, 172, 0.26931465548599703, 0.36827344617626318]
Male>>(31, 45): [15530, 357, 0.25356693941631747, 0.34800748493261269]
Male>>(46, 200)>>FOREIGN_TOURIST: [291, 21, 0.46335287155774113, 0.42731876535207403]
Male>>(46, 200)>>LOCAL_TOURIST: [297, 16, 0.57419499140520214, 0.5140562213423725]
Male>>(46, 200)>>RESIDENT: [2138, 38, 0.4415885258338601, 0.35136361374111574]
Male>>(46, 200): [2726, 75, 0.40604026194445675, 0.32941525299225544]
Male: [68803, 1432, 0.21715423924626451, 0.3517660368107674]
Female>>(16, 30)>>FOREIGN_TOURIST: [3036, 190, 0.51100750846942877, 0.33325948728515853]
Female>>(16, 30)>>LOCAL_TOURIST: [4663, 226, 0.29163478351348188, 0.33108769932416948]
Female>>(16, 30)>>RESIDENT: [35112, 429, 0.26025922286463699, 0.29222440056328336]
Female>>(16, 30): [42811, 845, 0.22957812243053893, 0.28748263204686625]
Female>>(31, 45)>>FOREIGN_TOURIST: [758, 49, 0.50598320917229933, 0.36434762580580149]
Female>>(31, 45)>>LOCAL_TOURIST: [939, 37, 0.49904761144939724, 0.33422820134256881]
Female>>(31, 45)>>RESIDENT: [5474, 95, 0.28785090667128954, 0.38080224455374273]
Female>>(31, 45): [7171, 181, 0.28059236762233897, 0.34082275741956747]
Female>>(46, 200)>>FOREIGN_TOURIST: [124, 7, 0.6501556794947434, 0.68069089609787536]
Female>>(46, 200)>>LOCAL_TOURIST: [229, 7, 0.67855664428718854, 0.47546735370422794]
Female>>(46, 200)>>RESIDENT: [762, 14, 0.49334769009744839, 0.45654176938616348]
Female>>(46, 200): [1115, 28, 0.39486800432309394, 0.42990042867275369]
Female: [77120, 1510, 0.19786426548792477, 0.30582313463907568]
(16, 30)>>FOREIGN_TOURIST>>Male: [2617, 162, 0.41259659231700796, 0.36288869181471189]
(16, 30)>>FOREIGN_TOURIST>>Female: [3036, 190, 0.51100750846942877, 0.33325948728515853]
(16, 30)>>FOREIGN_TOURIST: [5653, 352, 0.45633950053749978, 0.3319102348613987]
(16, 30)>>LOCAL_TOURIST>>Male: [4421, 226, 0.30956412360049002, 0.32167723428781969]
(16, 30)>>LOCAL_TOURIST>>Female: [4663, 226, 0.29163478351348188, 0.33108769932416948]
(16, 30)>>LOCAL_TOURIST: [9084, 452, 0.27291458457138618, 0.31248249519002996]
(16, 30)>>RESIDENT>>Male: [33156, 407, 0.27284114884510258, 0.38203733793497818]
(16, 30)>>RESIDENT>>Female: [35112, 429, 0.26025922286463699, 0.29222440056328336]
(16, 30)>>RESIDENT: [68268, 836, 0.25499370026403967, 0.33405954356853201]
(16, 30): [83005, 1640, 0.22457688039687426, 0.32288222853359427]
(31, 45)>>FOREIGN_TOURIST>>Male: [1276, 109, 0.51484026164965935, 0.30201086793111132]
(31, 45)>>FOREIGN_TOURIST>>Female: [758, 49, 0.50598320917229933, 0.36434762580580149]
(31, 45)>>FOREIGN_TOURIST: [2034, 158, 0.50621333328572227, 0.29324855896649582]
(31, 45)>>LOCAL_TOURIST>>Male: [1321, 76, 0.26442725363072356, 0.40999136128804586]
(31, 45)>>LOCAL_TOURIST>>Female: [939, 37, 0.49904761144939724, 0.33422820134256881]
(31, 45)>>LOCAL_TOURIST: [2260, 113, 0.32583263220184333, 0.32510341674347015]
(31, 45)>>RESIDENT>>Male: [12933, 172, 0.26931465548599703, 0.36827344617626318]
(31, 45)>>RESIDENT>>Female: [5474, 95, 0.28785090667128954, 0.38080224455374273]
(31, 45)>>RESIDENT: [18407, 267, 0.23325869653877007, 0.36265294113894342]
(31, 45): [22701, 538, 0.23045677197144884, 0.33973781098343436]
(46, 200)>>FOREIGN_TOURIST>>Male: [291, 21, 0.46335287155774113, 0.42731876535207403]
(46, 200)>>FOREIGN_TOURIST>>Female: [124, 7, 0.6501556794947434, 0.68069089609787536]
(46, 200)>>FOREIGN_TOURIST: [415, 28, 0.50610711113372664, 0.43516234545240434]
(46, 200)>>LOCAL_TOURIST>>Male: [297, 16, 0.57419499140520214, 0.5140562213423725]
(46, 200)>>LOCAL_TOURIST>>Female: [229, 7, 0.67855664428718854, 0.47546735370422794]
(46, 200)>>LOCAL_TOURIST: [526, 23, 0.56501944777137725, 0.41424264981136916]
(46, 200)>>RESIDENT>>Male: [2138, 38, 0.4415885258338601, 0.35136361374111574]
(46, 200)>>RESIDENT>>Female: [762, 14, 0.49334769009744839, 0.45654176938616348]
(46, 200)>>RESIDENT: [2900, 52, 0.33836979836335773, 0.3535693428184345]
(46, 200): [3841, 103, 0.31603883448130898, 0.34047893337033713]
(16, 30)>>Male>>FOREIGN_TOURIST: [2617, 162, 0.41259659231700796, 0.36288869181471189]
(16, 30)>>Male>>LOCAL_TOURIST: [4421, 226, 0.30956412360049002, 0.32167723428781969]
(16, 30)>>Male>>RESIDENT: [33156, 407, 0.27284114884510258, 0.38203733793497818]
(16, 30)>>Male: [40194, 795, 0.23940401040588966, 0.36374592071277151]
(16, 30)>>Female>>FOREIGN_TOURIST: [3036, 190, 0.51100750846942877, 0.33325948728515853]
(16, 30)>>Female>>LOCAL_TOURIST: [4663, 226, 0.29163478351348188, 0.33108769932416948]
(16, 30)>>Female>>RESIDENT: [35112, 429, 0.26025922286463699, 0.29222440056328336]
(16, 30)>>Female: [42811, 845, 0.22957812243053893, 0.28748263204686625]
(16, 30): [83005, 1640, 0.22457688039687426, 0.32288222853359427]
(31, 45)>>Male>>FOREIGN_TOURIST: [1276, 109, 0.51484026164965935, 0.30201086793111132]
(31, 45)>>Male>>LOCAL_TOURIST: [1321, 76, 0.26442725363072356, 0.40999136128804586]
(31, 45)>>Male>>RESIDENT: [12933, 172, 0.26931465548599703, 0.36827344617626318]
(31, 45)>>Male: [15530, 357, 0.25356693941631747, 0.34800748493261269]
(31, 45)>>Female>>FOREIGN_TOURIST: [758, 49, 0.50598320917229933, 0.36434762580580149]
(31, 45)>>Female>>LOCAL_TOURIST: [939, 37, 0.49904761144939724, 0.33422820134256881]
(31, 45)>>Female>>RESIDENT: [5474, 95, 0.28785090667128954, 0.38080224455374273]
(31, 45)>>Female: [7171, 181, 0.28059236762233897, 0.34082275741956747]
(31, 45): [22701, 538, 0.23045677197144884, 0.33973781098343436]
(46, 200)>>Male>>FOREIGN_TOURIST: [291, 21, 0.46335287155774113, 0.42731876535207403]
(46, 200)>>Male>>LOCAL_TOURIST: [297, 16, 0.57419499140520214, 0.5140562213423725]
(46, 200)>>Male>>RESIDENT: [2138, 38, 0.4415885258338601, 0.35136361374111574]
(46, 200)>>Male: [2726, 75, 0.40604026194445675, 0.32941525299225544]
(46, 200)>>Female>>FOREIGN_TOURIST: [124, 7, 0.6501556794947434, 0.68069089609787536]
(46, 200)>>Female>>LOCAL_TOURIST: [229, 7, 0.67855664428718854, 0.47546735370422794]
(46, 200)>>Female>>RESIDENT: [762, 14, 0.49334769009744839, 0.45654176938616348]
(46, 200)>>Female: [1115, 28, 0.39486800432309394, 0.42990042867275369]
(46, 200): [3841, 103, 0.31603883448130898, 0.34047893337033713]
Results of: Rome
FOREIGN_TOURIST>>Male>>(16, 30): [741, 65, 0.78044458490568958, 0.31978336340601415]
FOREIGN_TOURIST>>Male>>(31, 45): [946, 64, 0.72998692204172722, 0.45867023257806389]
FOREIGN_TOURIST>>Male>>(46, 200): [159, 8, 0.78909672988448376, 0.67399874037606322]
FOREIGN_TOURIST>>Male: [2033, 150, 0.73692411366962529, 0.3396016381678062]
FOREIGN_TOURIST>>Female>>(16, 30): [1569, 96, 0.7831709790752146, 0.31135150919877974]
FOREIGN_TOURIST>>Female>>(31, 45): [333, 22, 0.84570693089813276, 0.42109419748285248]
FOREIGN_TOURIST>>Female>>(46, 200): [27, 3, 0.84021704054979907, 0.81375938594245767]
FOREIGN_TOURIST>>Female: [2464, 157, 0.77632827048119368, 0.29115284516466133]
FOREIGN_TOURIST: [7595, 524, 0.74625028455872766, 0.29480112792891477]
LOCAL_TOURIST>>Male>>(16, 30): [177, 21, 0.7245301215596015, 0.49473430579964561]
LOCAL_TOURIST>>Male>>(31, 45): [440, 39, 0.60273852660818839, 0.43677237697177262]
LOCAL_TOURIST>>Male>>(46, 200): [268, 12, 0.63488403010074512, 0.51175321385261197]
LOCAL_TOURIST>>Male: [954, 74, 0.62077886724845921, 0.37252577643018248]
LOCAL_TOURIST>>Female>>(16, 30): [266, 25, 0.67387807427243929, 0.41231774151190742]
LOCAL_TOURIST>>Female>>(31, 45): [213, 17, 0.65544115653989277, 0.59601881438003157]
LOCAL_TOURIST>>Female>>(46, 200): [0, 0, None, None]
LOCAL_TOURIST>>Female: [594, 54, 0.603532233688308, 0.41080027273519271]
LOCAL_TOURIST: [3500, 242, 0.60466227760995273, 0.31273102189049212]
RESIDENT>>Male>>(16, 30): [4843, 99, 0.43358501953281137, 0.3744952593637319]
RESIDENT>>Male>>(31, 45): [4307, 129, 0.49469695504203115, 0.35332699233820847]
RESIDENT>>Male>>(46, 200): [1887, 48, 0.61994475970484719, 0.3901524251570585]
RESIDENT>>Male: [11812, 298, 0.45626893914840122, 0.31992673285817075]
RESIDENT>>Female>>(16, 30): [7289, 129, 0.53514693110649703, 0.36159307921250067]
RESIDENT>>Female>>(31, 45): [1979, 40, 0.63002855525136936, 0.38932439346158643]
RESIDENT>>Female>>(46, 200): [69, 6, 0.73482211743364334, 0.63512095366062693]
RESIDENT>>Female: [10366, 209, 0.52629197771172187, 0.36300499077137033]
RESIDENT: [47861, 998, 0.5087748589305261, 0.33260502590799218]
FOREIGN_TOURIST>>(16, 30)>>Male: [741, 65, 0.78044458490568958, 0.31978336340601415]
FOREIGN_TOURIST>>(16, 30)>>Female: [1569, 96, 0.7831709790752146, 0.31135150919877974]
FOREIGN_TOURIST>>(16, 30): [2310, 161, 0.77428909218071085, 0.26944645633701753]
FOREIGN_TOURIST>>(31, 45)>>Male: [946, 64, 0.72998692204172722, 0.45867023257806389]
FOREIGN_TOURIST>>(31, 45)>>Female: [333, 22, 0.84570693089813276, 0.42109419748285248]
FOREIGN_TOURIST>>(31, 45): [1279, 86, 0.74329361664669757, 0.34636802317985016]
FOREIGN_TOURIST>>(46, 200)>>Male: [159, 8, 0.78909672988448376, 0.67399874037606322]
FOREIGN_TOURIST>>(46, 200)>>Female: [27, 3, 0.84021704054979907, 0.81375938594245767]
FOREIGN_TOURIST>>(46, 200): [186, 11, 0.79054733757224016, 0.61119079800100362]
FOREIGN_TOURIST: [7595, 524, 0.74625028455872766, 0.29480112792891477]
LOCAL_TOURIST>>(16, 30)>>Male: [177, 21, 0.7245301215596015, 0.49473430579964561]
LOCAL_TOURIST>>(16, 30)>>Female: [266, 25, 0.67387807427243929, 0.41231774151190742]
LOCAL_TOURIST>>(16, 30): [443, 46, 0.6757969930737735, 0.39027472785542727]
LOCAL_TOURIST>>(31, 45)>>Male: [440, 39, 0.60273852660818839, 0.43677237697177262]
LOCAL_TOURIST>>(31, 45)>>Female: [213, 17, 0.65544115653989277, 0.59601881438003157]
LOCAL_TOURIST>>(31, 45): [653, 56, 0.56666872346209629, 0.41764457266926575]
LOCAL_TOURIST>>(46, 200)>>Male: [268, 12, 0.63488403010074512, 0.51175321385261197]
LOCAL_TOURIST>>(46, 200)>>Female: [0, 0, None, None]
LOCAL_TOURIST>>(46, 200): [268, 12, 0.63488403010074512, 0.51175321385261197]
LOCAL_TOURIST: [3500, 242, 0.60466227760995273, 0.31273102189049212]
RESIDENT>>(16, 30)>>Male: [4843, 99, 0.43358501953281137, 0.3744952593637319]
RESIDENT>>(16, 30)>>Female: [7289, 129, 0.53514693110649703, 0.36159307921250067]
RESIDENT>>(16, 30): [12132, 228, 0.46439286503319771, 0.3492117954573567]
RESIDENT>>(31, 45)>>Male: [4307, 129, 0.49469695504203115, 0.35332699233820847]
RESIDENT>>(31, 45)>>Female: [1979, 40, 0.63002855525136936, 0.38932439346158643]
RESIDENT>>(31, 45): [6286, 169, 0.49070165727171045, 0.34037123578758072]
RESIDENT>>(46, 200)>>Male: [1887, 48, 0.61994475970484719, 0.3901524251570585]
RESIDENT>>(46, 200)>>Female: [69, 6, 0.73482211743364334, 0.63512095366062693]
RESIDENT>>(46, 200): [1956, 54, 0.61493896243568491, 0.38994044642088155]
RESIDENT: [47861, 998, 0.5087748589305261, 0.33260502590799218]
Male>>FOREIGN_TOURIST>>(16, 30): [741, 65, 0.78044458490568958, 0.31978336340601415]
Male>>FOREIGN_TOURIST>>(31, 45): [946, 64, 0.72998692204172722, 0.45867023257806389]
Male>>FOREIGN_TOURIST>>(46, 200): [159, 8, 0.78909672988448376, 0.67399874037606322]
Male>>FOREIGN_TOURIST: [2033, 150, 0.73692411366962529, 0.3396016381678062]
Male>>LOCAL_TOURIST>>(16, 30): [177, 21, 0.7245301215596015, 0.49473430579964561]
Male>>LOCAL_TOURIST>>(31, 45): [440, 39, 0.60273852660818839, 0.43677237697177262]
Male>>LOCAL_TOURIST>>(46, 200): [268, 12, 0.63488403010074512, 0.51175321385261197]
Male>>LOCAL_TOURIST: [954, 74, 0.62077886724845921, 0.37252577643018248]
Male>>RESIDENT>>(16, 30): [4843, 99, 0.43358501953281137, 0.3744952593637319]
Male>>RESIDENT>>(31, 45): [4307, 129, 0.49469695504203115, 0.35332699233820847]
Male>>RESIDENT>>(46, 200): [1887, 48, 0.61994475970484719, 0.3901524251570585]
Male>>RESIDENT: [11812, 298, 0.45626893914840122, 0.31992673285817075]
Male: [14799, 522, 0.49976907397574216, 0.30924983138959078]
Female>>FOREIGN_TOURIST>>(16, 30): [1569, 96, 0.7831709790752146, 0.31135150919877974]
Female>>FOREIGN_TOURIST>>(31, 45): [333, 22, 0.84570693089813276, 0.42109419748285248]
Female>>FOREIGN_TOURIST>>(46, 200): [27, 3, 0.84021704054979907, 0.81375938594245767]
Female>>FOREIGN_TOURIST: [2464, 157, 0.77632827048119368, 0.29115284516466133]
Female>>LOCAL_TOURIST>>(16, 30): [266, 25, 0.67387807427243929, 0.41231774151190742]
Female>>LOCAL_TOURIST>>(31, 45): [213, 17, 0.65544115653989277, 0.59601881438003157]
Female>>LOCAL_TOURIST>>(46, 200): [0, 0, None, None]
Female>>LOCAL_TOURIST: [594, 54, 0.603532233688308, 0.41080027273519271]
Female>>RESIDENT>>(16, 30): [7289, 129, 0.53514693110649703, 0.36159307921250067]
Female>>RESIDENT>>(31, 45): [1979, 40, 0.63002855525136936, 0.38932439346158643]
Female>>RESIDENT>>(46, 200): [69, 6, 0.73482211743364334, 0.63512095366062693]
Female>>RESIDENT: [10366, 209, 0.52629197771172187, 0.36300499077137033]
Female: [13424, 420, 0.56673987201274378, 0.33230984302480648]
Male>>(16, 30)>>FOREIGN_TOURIST: [741, 65, 0.78044458490568958, 0.31978336340601415]
Male>>(16, 30)>>LOCAL_TOURIST: [177, 21, 0.7245301215596015, 0.49473430579964561]
Male>>(16, 30)>>RESIDENT: [4843, 99, 0.43358501953281137, 0.3744952593637319]
Male>>(16, 30): [5761, 185, 0.4800891282784977, 0.33755297834261483]
Male>>(31, 45)>>FOREIGN_TOURIST: [946, 64, 0.72998692204172722, 0.45867023257806389]
Male>>(31, 45)>>LOCAL_TOURIST: [440, 39, 0.60273852660818839, 0.43677237697177262]
Male>>(31, 45)>>RESIDENT: [4307, 129, 0.49469695504203115, 0.35332699233820847]
Male>>(31, 45): [5693, 232, 0.52595018169099228, 0.35242825729496841]
Male>>(46, 200)>>FOREIGN_TOURIST: [159, 8, 0.78909672988448376, 0.67399874037606322]
Male>>(46, 200)>>LOCAL_TOURIST: [268, 12, 0.63488403010074512, 0.51175321385261197]
Male>>(46, 200)>>RESIDENT: [1887, 48, 0.61994475970484719, 0.3901524251570585]
Male>>(46, 200): [2314, 68, 0.61757991052364603, 0.37120217891422636]
Male: [14799, 522, 0.49976907397574216, 0.30924983138959078]
Female>>(16, 30)>>FOREIGN_TOURIST: [1569, 96, 0.7831709790752146, 0.31135150919877974]
Female>>(16, 30)>>LOCAL_TOURIST: [266, 25, 0.67387807427243929, 0.41231774151190742]
Female>>(16, 30)>>RESIDENT: [7289, 129, 0.53514693110649703, 0.36159307921250067]
Female>>(16, 30): [9124, 250, 0.56800521221241185, 0.33809389915353077]
Female>>(31, 45)>>FOREIGN_TOURIST: [333, 22, 0.84570693089813276, 0.42109419748285248]
Female>>(31, 45)>>LOCAL_TOURIST: [213, 17, 0.65544115653989277, 0.59601881438003157]
Female>>(31, 45)>>RESIDENT: [1979, 40, 0.63002855525136936, 0.38932439346158643]
Female>>(31, 45): [2525, 79, 0.62499289065152031, 0.33077880250851377]
Female>>(46, 200)>>FOREIGN_TOURIST: [27, 3, 0.84021704054979907, 0.81375938594245767]
Female>>(46, 200)>>LOCAL_TOURIST: [0, 0, None, None]
Female>>(46, 200)>>RESIDENT: [69, 6, 0.73482211743364334, 0.63512095366062693]
Female>>(46, 200): [96, 9, 0.75131844407510939, 0.5496766948120313]
Female: [13424, 420, 0.56673987201274378, 0.33230984302480648]
(16, 30)>>FOREIGN_TOURIST>>Male: [741, 65, 0.78044458490568958, 0.31978336340601415]
(16, 30)>>FOREIGN_TOURIST>>Female: [1569, 96, 0.7831709790752146, 0.31135150919877974]
(16, 30)>>FOREIGN_TOURIST: [2310, 161, 0.77428909218071085, 0.26944645633701753]
(16, 30)>>LOCAL_TOURIST>>Male: [177, 21, 0.7245301215596015, 0.49473430579964561]
(16, 30)>>LOCAL_TOURIST>>Female: [266, 25, 0.67387807427243929, 0.41231774151190742]
(16, 30)>>LOCAL_TOURIST: [443, 46, 0.6757969930737735, 0.39027472785542727]
(16, 30)>>RESIDENT>>Male: [4843, 99, 0.43358501953281137, 0.3744952593637319]
(16, 30)>>RESIDENT>>Female: [7289, 129, 0.53514693110649703, 0.36159307921250067]
(16, 30)>>RESIDENT: [12132, 228, 0.46439286503319771, 0.3492117954573567]
(16, 30): [14885, 435, 0.5117991327771968, 0.32423743718964276]
(31, 45)>>FOREIGN_TOURIST>>Male: [946, 64, 0.72998692204172722, 0.45867023257806389]
(31, 45)>>FOREIGN_TOURIST>>Female: [333, 22, 0.84570693089813276, 0.42109419748285248]
(31, 45)>>FOREIGN_TOURIST: [1279, 86, 0.74329361664669757, 0.34636802317985016]
(31, 45)>>LOCAL_TOURIST>>Male: [440, 39, 0.60273852660818839, 0.43677237697177262]
(31, 45)>>LOCAL_TOURIST>>Female: [213, 17, 0.65544115653989277, 0.59601881438003157]
(31, 45)>>LOCAL_TOURIST: [653, 56, 0.56666872346209629, 0.41764457266926575]
(31, 45)>>RESIDENT>>Male: [4307, 129, 0.49469695504203115, 0.35332699233820847]
(31, 45)>>RESIDENT>>Female: [1979, 40, 0.63002855525136936, 0.38932439346158643]
(31, 45)>>RESIDENT: [6286, 169, 0.49070165727171045, 0.34037123578758072]
(31, 45): [8218, 311, 0.52523431213895777, 0.32634624145597813]
(46, 200)>>FOREIGN_TOURIST>>Male: [159, 8, 0.78909672988448376, 0.67399874037606322]
(46, 200)>>FOREIGN_TOURIST>>Female: [27, 3, 0.84021704054979907, 0.81375938594245767]
(46, 200)>>FOREIGN_TOURIST: [186, 11, 0.79054733757224016, 0.61119079800100362]
(46, 200)>>LOCAL_TOURIST>>Male: [268, 12, 0.63488403010074512, 0.51175321385261197]
(46, 200)>>LOCAL_TOURIST>>Female: [0, 0, None, None]
(46, 200)>>LOCAL_TOURIST: [268, 12, 0.63488403010074512, 0.51175321385261197]
(46, 200)>>RESIDENT>>Male: [1887, 48, 0.61994475970484719, 0.3901524251570585]
(46, 200)>>RESIDENT>>Female: [69, 6, 0.73482211743364334, 0.63512095366062693]
(46, 200)>>RESIDENT: [1956, 54, 0.61493896243568491, 0.38994044642088155]
(46, 200): [2410, 77, 0.616106027200371, 0.36694440707367681]
(16, 30)>>Male>>FOREIGN_TOURIST: [741, 65, 0.78044458490568958, 0.31978336340601415]
(16, 30)>>Male>>LOCAL_TOURIST: [177, 21, 0.7245301215596015, 0.49473430579964561]
(16, 30)>>Male>>RESIDENT: [4843, 99, 0.43358501953281137, 0.3744952593637319]
(16, 30)>>Male: [5761, 185, 0.4800891282784977, 0.33755297834261483]
(16, 30)>>Female>>FOREIGN_TOURIST: [1569, 96, 0.7831709790752146, 0.31135150919877974]
(16, 30)>>Female>>LOCAL_TOURIST: [266, 25, 0.67387807427243929, 0.41231774151190742]
(16, 30)>>Female>>RESIDENT: [7289, 129, 0.53514693110649703, 0.36159307921250067]
(16, 30)>>Female: [9124, 250, 0.56800521221241185, 0.33809389915353077]
(16, 30): [14885, 435, 0.5117991327771968, 0.32423743718964276]
(31, 45)>>Male>>FOREIGN_TOURIST: [946, 64, 0.72998692204172722, 0.45867023257806389]
(31, 45)>>Male>>LOCAL_TOURIST: [440, 39, 0.60273852660818839, 0.43677237697177262]
(31, 45)>>Male>>RESIDENT: [4307, 129, 0.49469695504203115, 0.35332699233820847]
(31, 45)>>Male: [5693, 232, 0.52595018169099228, 0.35242825729496841]
(31, 45)>>Female>>FOREIGN_TOURIST: [333, 22, 0.84570693089813276, 0.42109419748285248]
(31, 45)>>Female>>LOCAL_TOURIST: [213, 17, 0.65544115653989277, 0.59601881438003157]
(31, 45)>>Female>>RESIDENT: [1979, 40, 0.63002855525136936, 0.38932439346158643]
(31, 45)>>Female: [2525, 79, 0.62499289065152031, 0.33077880250851377]
(31, 45): [8218, 311, 0.52523431213895777, 0.32634624145597813]
(46, 200)>>Male>>FOREIGN_TOURIST: [159, 8, 0.78909672988448376, 0.67399874037606322]
(46, 200)>>Male>>LOCAL_TOURIST: [268, 12, 0.63488403010074512, 0.51175321385261197]
(46, 200)>>Male>>RESIDENT: [1887, 48, 0.61994475970484719, 0.3901524251570585]
(46, 200)>>Male: [2314, 68, 0.61757991052364603, 0.37120217891422636]
(46, 200)>>Female>>FOREIGN_TOURIST: [27, 3, 0.84021704054979907, 0.81375938594245767]
(46, 200)>>Female>>LOCAL_TOURIST: [0, 0, None, None]
(46, 200)>>Female>>RESIDENT: [69, 6, 0.73482211743364334, 0.63512095366062693]
(46, 200)>>Female: [96, 9, 0.75131844407510939, 0.5496766948120313]
(46, 200): [2410, 77, 0.616106027200371, 0.36694440707367681]
